-0.180340 -0.257472 0.042933
-0.122898 0.097458 0.002515
0.130257 0.289033 0.011782
0.203141 -0.004483 0.027933
0.078419 -0.266476 0.045448
0.028903 -0.162603 0.020248
0.167933 -0.042258 0.049219
0.149027 -0.211537 0.049360
-0.198539 -0.130826 0.016683
-0.030240 -0.151319 0.000461
-0.270531 -0.016166 0.004538
-0.180973 -0.000611 0.031161
-0.273472 -0.028544 0.041630
-0.236115 -0.087620 0.031847
0.224897 0.103565 0.003927
-0.123081 0.040985 0.004696
-0.245066 -0.117603 0.012257
0.069485 -0.111406 0.043719
-0.112090 -0.269843 0.014079
-0.036775 0.235775 0.011771
0.185053 -0.244025 0.003534
0.041932 0.116876 0.007589
0.176197 0.028497 0.032074
0.162399 -0.073428 0.018589
-0.035871 -0.216752 0.031640
0.050480 0.174598 0.022501
-0.273076 -0.009121 0.000694
-0.129749 -0.188757 0.031622
0.108745 -0.248905 0.015990
-0.162157 -0.242584 0.023065
0.099578 -0.134511 0.043164
-0.180575 -0.241001 0.020611
0.247024 -0.012266 0.014772
-0.188245 0.262062 0.016194
-0.078406 0.208279 0.045379
0.154867 -0.021157 0.049039
0.108316 -0.243339 0.014903
-0.131134 -0.294573 0.014744
0.230993 -0.085933 0.042975
-0.223043 0.046503 0.000328
-0.253193 0.220921 0.003742
-0.067658 0.178508 0.005581
0.084156 -0.250701 0.039861
-0.148547 -0.130447 0.016624
0.157744 0.023770 0.011678
-0.169131 -0.077724 0.035377
-0.036643 0.196042 0.029888
0.013932 -0.248007 0.014731
0.043814 0.142279 0.013819
0.140448 0.118793 0.025129
0.054153 0.245275 0.047743
0.061573 -0.049938 0.029143
-0.096595 0.062386 0.000261
-0.095493 -0.240353 0.041812
0.270628 -0.020012 0.000543
0.202961 0.276024 0.006518
-0.254670 -0.210437 0.029795
0.101725 -0.005592 0.000566
-0.273241 -0.214672 0.010168
0.177735 0.213961 0.029991
-0.253059 0.072916 0.021836
-0.050897 0.153608 0.001331
-0.201649 -0.022344 0.037359
0.257178 -0.042679 0.009486
-0.087523 -0.286133 0.029710
0.045278 0.100418 0.045859
-0.135967 0.209506 0.013464
-0.133921 -0.292456 0.011643
-0.251959 -0.091946 0.021327
-0.007966 0.060040 0.035261
-0.295854 0.196234 0.049392
0.047951 -0.234633 0.008670
-0.218264 -0.263211 0.023778
0.281037 -0.065845 0.022079
0.177899 -0.268685 0.044757
0.212715 -0.273993 0.016647
-0.158341 0.112436 0.003333
0.064918 -0.007844 0.017558
0.168804 0.068417 0.005972
0.114457 0.119087 0.012364
-0.213736 0.291486 0.022775
0.235117 -0.278267 0.008608
-0.212484 -0.229167 0.021568
-0.157331 -0.027373 0.044642
0.065118 0.253222 0.020157
-0.005131 -0.099905 0.003369
-0.083381 -0.067000 0.045719
-0.253656 0.010970 0.045080
0.028061 0.171978 0.020065
-0.055902 -0.208658 0.044098
0.117906 0.192599 0.018303
-0.057012 -0.114004 0.022246
-0.005784 -0.204225 0.009866
0.274370 0.274035 0.043351
0.204901 0.061337 0.048860
-0.087293 0.202328 0.001184
0.290867 0.255464 0.006233
-0.009150 -0.143560 0.015418
-0.145525 0.206812 0.018571
-0.168228 -0.135543 0.023335
0.256023 0.030388 0.042032
-0.184543 0.043329 0.046763
-0.241992 -0.181204 0.003831
-0.110041 -0.029167 0.022072
0.131166 -0.269653 0.037109
0.249152 -0.236208 0.039272
-0.088099 -0.233095 0.017022
0.133941 0.133538 0.003227
0.246128 0.190445 0.036348
-0.052092 -0.268786 0.033420
-0.274320 0.291787 0.014548
0.272913 0.273357 0.048028
-0.223425 0.158215 0.040003
-0.073803 -0.068150 0.036931
0.192273 -0.265194 0.011101
-0.233836 0.185181 0.035287
-0.227374 -0.023279 0.002097
0.173814 0.275878 0.011264
-0.080231 -0.202571 0.026986
0.178511 -0.209669 0.035574
-0.254557 0.083643 0.025367
-0.127430 -0.229714 0.037473
0.135602 0.249136 0.041471
0.267406 0.030674 0.038065
0.102821 -0.287648 0.003565
0.201148 -0.232306 0.017122
-0.038730 -0.168964 0.028325
-0.282266 -0.221341 0.027977
-0.211733 -0.175018 0.013152
-0.095819 0.213428 0.012027
-0.175730 0.280873 0.039314
-0.037089 -0.054576 0.037209
0.186327 -0.019188 0.010251
-0.008096 -0.101875 0.013983
-0.150927 -0.084712 0.037050
-0.137694 0.047540 0.034122
0.115080 0.075822 0.007350
-0.035251 -0.111690 0.040758
-0.242979 0.198531 0.048472
0.227057 -0.100068 0.034556
-0.158288 0.211275 0.016050
0.009765 -0.033540 0.016710
0.232068 0.111549 0.033126
-0.089846 0.198427 0.037348
-0.042404 -0.057892 0.040372
-0.279114 -0.140198 0.033418
0.007238 -0.219101 0.042204
0.204414 0.244631 0.043778
0.195034 -0.033058 0.025350
0.101256 0.206080 0.005170
0.259642 -0.159606 0.016152
-0.136340 -0.126165 0.001057
0.068994 -0.192486 0.000697
-0.138111 -0.231169 0.041454
-0.102863 0.149384 0.010330
-0.112140 0.204386 0.037211
-0.287487 -0.013506 0.012300
-0.258369 0.022566 0.012150
-0.094080 -0.211978 0.044309
0.194376 0.240918 0.027402
0.129892 0.077976 0.009802
-0.180749 -0.292357 0.039238
-0.206264 0.026143 0.007129
-0.180415 0.066033 0.031204
-0.282432 0.201275 0.035731
-0.261882 0.007846 0.012023
-0.015628 0.172957 0.021990
-0.157779 0.154178 0.014609
-0.029174 0.212354 0.000364
0.126725 -0.178728 0.003908
-0.006829 0.022772 0.039859
0.096644 0.071557 0.003168
-0.003536 -0.019912 0.014125
-0.054268 0.032775 0.023417
-0.196865 -0.021096 0.019721
-0.227508 -0.102452 0.013406
0.050861 0.260777 0.035536
0.269815 0.046335 0.015143
-0.132403 0.164813 0.035523
-0.037156 0.114685 0.045320
-0.096801 0.044690 0.028786
-0.257209 0.083002 0.007968
-0.080398 -0.120635 0.001288
0.282151 -0.242287 0.005792
0.108820 -0.236247 0.000365
0.247114 -0.083206 0.047979
0.150514 0.147981 0.040296
-0.023362 0.143453 0.036381
-0.238904 0.165797 0.041605
-0.244230 0.239661 0.024847
0.032491 0.156953 0.015182
-0.144027 0.176075 0.030768
-0.117978 0.025172 0.008036
-0.262528 -0.191317 0.005206
-0.127073 -0.244216 0.040634
0.227197 0.111242 0.013044
-0.215384 -0.127812 0.044514
0.084566 -0.183239 0.012514
0.096105 0.280785 0.021724
0.169667 0.265811 0.026745
-0.040474 -0.084682 0.022112
-0.055378 0.265615 0.027225
0.135582 0.095394 0.046980
0.024329 -0.135527 0.029687
-0.093240 -0.135630 0.038307
0.240872 0.029324 0.000604
0.039743 0.053742 0.045423
-0.138318 0.238326 0.007343
0.078513 -0.141225 0.040381
0.205629 0.135440 0.000113
-0.254602 0.144204 0.035924
0.034404 -0.257093 0.020273
-0.222081 -0.160721 0.022477
-0.174227 -0.060104 0.025246
0.010622 -0.139926 0.005176
0.217745 -0.237558 0.049416
0.295977 -0.277838 0.014143
0.264277 -0.291724 0.033177
0.234277 -0.083587 0.033486
0.110813 -0.257974 0.007197
-0.094080 -0.038700 0.038081
0.278693 -0.140127 0.030943
0.177287 0.196051 0.019105
-0.214180 0.288780 0.046755
-0.178934 -0.123627 0.014445
-0.144964 -0.036597 0.031858
0.177683 -0.162514 0.030438
-0.113982 -0.192417 0.047042
-0.033609 -0.164922 0.045808
0.097593 -0.205986 0.009084
0.208846 -0.268636 0.017074
0.201098 -0.252280 0.038065
0.201765 0.222181 0.027612
-0.003414 0.205935 0.032841
0.255488 -0.157829 0.004405
0.195893 0.004241 0.020566
0.251884 -0.074874 0.042901
0.211170 0.066430 0.031504
0.259337 0.126086 0.026383
-0.234312 0.076220 0.018085
-0.071330 -0.266851 0.034191
0.155400 0.135777 0.015056
0.103763 0.272206 0.013367
-0.033515 -0.151870 0.039707
-0.266692 -0.058691 0.043271
-0.115889 0.140825 0.045932
0.159125 0.181224 0.034611
0.196280 0.211548 0.014792
-0.117198 0.045133 0.014797
0.136693 -0.142364 0.020198
-0.152834 0.092541 0.027104
0.068543 -0.094819 0.009730
-0.222132 -0.136390 0.045148
-0.175746 0.026840 0.018822
-0.127722 0.048701 0.022985
-0.105743 0.047143 0.024982
0.038518 0.252418 0.039463
-0.273302 -0.034648 0.014617
0.151480 0.174308 0.031212
0.156340 -0.057802 0.022108
0.037590 -0.235143 0.007223
0.103350 -0.151309 0.024330
0.018235 -0.148160 0.001517
0.021706 -0.221139 0.011083
-0.246958 -0.117012 0.042132
0.008774 -0.114260 0.003176
-0.249806 -0.177930 0.034070
-0.232505 -0.222967 0.032488
0.294327 -0.184178 0.020444
0.026549 0.143649 0.031991
-0.184868 -0.004348 0.034131
-0.213968 -0.062131 0.035947
0.178925 0.042839 0.019576
-0.083867 0.196364 0.045277
-0.256286 -0.225403 0.031208
0.147067 0.146189 0.023673
0.071945 -0.022533 0.029663
-0.243316 0.101059 0.007797
-0.288819 0.148922 0.048953
0.023726 -0.160100 0.014113
0.144071 -0.249726 0.015364
-0.298985 0.238808 0.043969
-0.130196 -0.266893 0.021002
-0.096873 -0.146235 0.025343
-0.142025 -0.195082 0.009657
-0.016135 0.085804 0.033815
-0.074740 0.208275 0.049313
0.240993 -0.081620 0.034178
-0.224099 0.178978 0.047875
0.033444 -0.298060 0.013319
-0.052880 0.020972 0.002634
-0.120187 -0.167078 0.019276
-0.293579 0.262434 0.012757
0.104814 -0.128050 0.034656
-0.121470 0.140682 0.048291
-0.237930 -0.193684 0.029639
0.140888 -0.189268 0.028434
0.108318 0.210863 0.044168
0.153313 0.168739 0.026328
0.125800 0.116097 0.033233
-0.159440 0.077039 0.046301
0.102971 -0.284247 0.002501
-0.128000 0.168406 0.034292
-0.120614 -0.231662 0.029169
-0.034427 0.075814 0.010851
-0.137940 -0.195883 0.029282
-0.050583 0.050982 0.006880
0.175238 -0.283506 0.311175
-0.251668 -0.285019 0.133352
0.145138 -0.262699 0.440909
-0.264558 -0.274041 0.298366
-0.152563 -0.290502 0.444768
-0.162414 -0.299842 0.161072
-0.137952 -0.265295 0.427598
0.201087 -0.298564 0.273633
0.121840 -0.281378 0.141044
-0.160814 -0.280293 0.049841
-0.106086 -0.280085 0.495862
0.016695 -0.263230 0.326048
-0.039784 -0.271118 0.279602
0.017856 -0.262452 0.097425
0.251184 -0.261928 0.231524
0.205777 -0.290680 0.476756
-0.216356 -0.297333 0.027806
0.192159 -0.250748 0.002200
0.228749 -0.285561 0.383182
0.066083 -0.295883 0.122775
0.097354 -0.276774 0.413948
0.113616 -0.277368 0.169266
0.233226 -0.284105 0.216952
-0.144803 -0.266024 0.332798
-0.221038 -0.251265 0.391602
0.191733 -0.280430 0.172946
-0.169928 -0.266289 0.231923
0.173744 -0.290017 0.250682
-0.126061 -0.289460 0.307711
0.059693 -0.263445 0.131392
-0.024470 -0.290333 0.094367
0.001959 -0.299404 0.355071
0.179624 -0.288158 0.027734
-0.230807 -0.259367 0.400516
0.199569 -0.277047 0.426322
0.180786 -0.264511 0.154632
0.103148 -0.269413 0.147552
-0.285114 -0.275962 0.445262
-0.240150 -0.272786 0.149695
-0.185188 -0.288880 0.431604
0.034896 -0.269196 0.295882
-0.018478 -0.268342 0.088020
0.133685 -0.268339 0.118725
0.208375 -0.294735 0.292739
0.152478 -0.279628 0.235133
-0.166892 -0.289729 0.124624
-0.211965 -0.257896 0.133102
-0.223159 -0.251386 0.346049
0.228188 -0.268085 0.394257
0.148102 -0.279845 0.125855
-0.189598 -0.296912 0.231370
-0.297818 -0.263496 0.304904
0.025867 -0.260703 0.080484
0.271688 -0.278311 0.458983
0.222666 -0.276786 0.386936
0.288008 -0.269354 0.160871
-0.231628 -0.270159 0.083950
0.130317 -0.262003 0.078655
0.212444 -0.259728 0.365433
0.053491 -0.266576 0.105000
-0.263072 -0.278214 0.012492
-0.199409 -0.267642 0.372569
0.134701 -0.268508 0.290791
-0.241685 -0.269806 0.097600
-0.167378 -0.250947 0.078261
0.273191 -0.261373 0.085327
0.289446 -0.275976 0.487373
-0.126211 -0.288864 0.167405
-0.248020 -0.272133 0.425336
0.223871 -0.291250 0.440739
0.101237 -0.294106 0.397099
-0.283363 -0.262794 0.199513
0.074431 -0.253196 0.341886
0.106533 -0.257598 0.413291
-0.209236 -0.267928 0.169055
-0.153467 -0.282573 0.161322
0.191279 -0.293332 0.422180
0.228213 -0.252302 0.436927
0.099889 -0.259212 0.308257
-0.139389 -0.291804 0.016561
0.038301 -0.292964 0.382868
-0.068171 -0.258235 0.089533
0.297736 -0.277531 0.300026
-0.077494 -0.293251 0.207898
0.202775 -0.274679 0.186252
0.221992 -0.282778 0.256185
-0.102314 -0.264466 0.007726
0.000025 -0.278351 0.031253
-0.207161 -0.291683 0.220392
-0.040336 -0.295840 0.132224
0.073053 -0.260246 0.181591
-0.291189 -0.275452 0.060602
0.297087 -0.256219 0.283602
-0.126776 -0.277673 0.362170
0.108669 -0.296634 0.029508
0.105614 -0.285825 0.335636
0.063881 -0.266956 0.100203
0.278386 -0.267584 0.206357
-0.134591 -0.285059 0.453556
-0.049661 -0.278722 0.265268
0.237741 -0.270809 0.318281
-0.214296 -0.284450 0.035998
-0.235716 -0.259789 0.478340
0.242062 -0.250296 0.394463
0.010197 -0.277180 0.296192
-0.003141 -0.263115 0.252920
0.150186 -0.267467 0.039705
0.129914 -0.293142 0.468539
-0.240551 -0.260221 0.223979
0.164706 -0.267748 0.007616
0.041540 -0.258654 0.390517
-0.196391 -0.270250 0.034562
0.074697 -0.298797 0.309793
-0.288692 -0.269078 0.157530
0.262963 -0.263713 0.194495
0.265088 -0.274095 0.132805
-0.244033 -0.271767 0.170542
-0.174721 -0.291169 0.314805
-0.236656 -0.261634 0.002949
0.178386 -0.260618 0.385985
0.030853 -0.254649 0.162812
0.270728 -0.283963 0.474598
0.294262 -0.271822 0.114625
-0.049410 -0.296120 0.170718
0.122620 -0.277524 0.318311
-0.189251 -0.290414 0.144995
0.253697 -0.282426 0.344551
0.073415 -0.278526 0.390522
-0.030300 -0.276310 0.429530
-0.204249 -0.276310 0.236479
-0.271951 -0.266976 0.097361
-0.245635 -0.272378 0.321429
0.274408 -0.272146 0.415408
-0.021250 -0.286402 0.341778
-0.230361 -0.275633 0.079472
0.020709 -0.258656 0.198856
-0.032625 -0.279537 0.110832
0.164585 -0.279607 0.307577
0.179128 -0.286873 0.416842
0.202011 -0.255568 0.409775
-0.288751 -0.298484 0.407160
0.284626 -0.296252 0.186249
0.021876 -0.260151 0.355720
0.148127 -0.255083 0.178074
0.080069 -0.299271 0.473127
-0.030453 -0.281749 0.445401
0.135604 -0.282641 0.358294
0.152991 -0.257029 0.422436
0.212527 -0.282682 0.379664
0.045203 -0.263007 0.165533
0.152323 -0.298789 0.037882
-0.281303 -0.290938 0.140582
0.155907 -0.255882 0.345013
-0.280571 -0.293463 0.108137
-0.074214 -0.269525 0.133103
0.252983 -0.289752 0.096859
0.002767 -0.253490 0.243866
-0.271404 -0.255677 0.239130
-0.218381 -0.278942 0.276688
-0.223155 -0.252488 0.297267
0.123541 -0.260417 0.148161
0.163053 -0.296778 0.476608
-0.081921 -0.275397 0.244100
0.077782 -0.252601 0.306469
-0.100289 -0.291290 0.052316
-0.199359 -0.260243 0.086980
-0.158949 -0.281326 0.120243
0.223400 -0.255340 0.045127
-0.104064 -0.269006 0.489936
-0.199893 -0.261150 0.142070
0.260025 -0.294058 0.134380
-0.167803 -0.293197 0.358939
0.133285 -0.276114 0.073996
-0.029951 -0.267720 0.151950
0.289604 -0.252004 0.492004
0.076789 -0.284310 0.116529
0.225325 -0.290400 0.311558
0.075829 -0.272538 0.161565
-0.030072 -0.255643 0.397943
-0.199965 -0.299328 0.306934
0.194834 -0.282090 0.449319
-0.045222 -0.281663 0.497123
-0.111499 -0.296330 0.023601
-0.253208 -0.269733 0.268020
0.173277 -0.276183 0.325787
-0.264127 -0.287862 0.383857
0.022813 -0.255881 0.452588
0.061388 -0.291387 0.364756
0.093593 -0.278729 0.430352
-0.091784 -0.272822 0.492028
-0.053835 -0.295884 0.233271
0.016447 -0.259448 0.268053
0.006128 -0.270028 0.302982
-0.152212 -0.276607 0.016039
-0.273132 -0.267688 0.295989
0.109524 -0.292625 0.023004
-0.050595 -0.292365 0.438406
0.233618 -0.259785 0.264943
0.044587 -0.283773 0.000387
-0.036088 -0.287951 0.191914
0.259755 -0.267120 0.200763
-0.052555 -0.276465 0.022334
-0.249473 -0.291358 0.019905
-0.128134 -0.277043 0.390512
0.202031 -0.292901 0.265370
0.212922 -0.267896 0.232480
-0.135060 -0.287760 0.330952
0.040870 -0.288023 0.046894
0.226575 -0.285349 0.396681
0.177372 -0.251329 0.365083
-0.026657 -0.273328 0.459376
-0.125717 -0.262612 0.433083
0.112913 -0.263027 0.407325
0.087813 -0.295379 0.108560
0.185130 -0.273651 0.046277
0.013712 -0.278940 0.061130
-0.291136 -0.280885 0.210468
0.032750 -0.259555 0.230567
-0.258981 -0.257168 0.368376
0.122833 -0.260334 0.341168
0.149741 -0.253828 0.065262
0.142646 -0.254813 0.019096
-0.031060 -0.266706 0.264471
-0.183850 -0.261928 0.291275
-0.180790 -0.254882 0.252533
-0.028118 -0.265370 0.055855
0.140936 -0.290350 0.410866
-0.265366 -0.257650 0.400740
-0.085773 -0.263557 0.476383
0.095374 -0.274104 0.481782
-0.038853 -0.263469 0.328588
-0.034516 -0.261171 0.308944
-0.241416 -0.265327 0.270889
0.272946 -0.250530 0.004721
0.288914 -0.267451 0.001803
0.141009 -0.266509 0.324935
-0.205115 -0.298723 0.087955
0.176308 -0.264648 0.273887
-0.219208 -0.283336 0.441170
-0.085337 -0.288063 0.475488
-0.280874 -0.253754 0.435968
0.082841 -0.284927 0.355131
0.280278 -0.271801 0.218161
-0.281309 -0.285741 0.128422
0.083922 -0.296474 0.071298
0.025800 -0.252276 0.170015
0.178265 -0.278740 0.463993
0.158879 -0.295502 0.137969
-0.044112 -0.285474 0.261741
0.209881 -0.256118 0.008502
-0.127562 -0.292331 0.322768
0.134857 -0.279216 0.387952
0.066921 -0.270408 0.275594
-0.111918 -0.291974 0.274016
0.090232 -0.287605 0.325265
-0.088850 -0.263212 0.278126
-0.238458 -0.263016 0.360690
0.208766 -0.257563 0.005764
0.073144 -0.257021 0.112100
-0.127689 -0.265575 0.316311
-0.010089 -0.286926 0.374147
-0.237416 -0.295491 0.074512
-0.152318 -0.262621 0.484976
0.204274 -0.267628 0.110078
-0.173506 -0.297454 0.380058
-0.099681 -0.256550 0.048597
-0.194111 -0.257756 0.125542
-0.026636 -0.289895 0.386363
0.248520 -0.262456 0.214066
0.115133 -0.280717 0.297676
-0.219410 -0.294411 0.161978
-0.136391 -0.290685 0.244375
0.247134 -0.255735 0.008471
-0.290053 -0.277934 0.493040
0.161182 -0.266238 0.205154
-0.138658 -0.284101 0.046396
-0.010917 -0.252041 0.218650
-0.008792 -0.263681 0.360166
-0.242295 -0.276654 0.415787
0.275902 -0.281473 0.422965
-0.220552 -0.265681 0.285807
0.062424 -0.287632 0.079803
-0.027518 -0.275076 0.459694
0.258100 -0.275432 0.381435
-0.253007 -0.251428 0.342514
-0.061917 -0.251214 0.394620
0.260209 -0.276625 0.105076
0.068204 -0.297415 0.307065
0.241191 -0.293747 0.380733
0.100387 -0.270274 0.114045
-0.182235 -0.255591 0.185825
0.291819 -0.277577 0.062862
-0.202621 -0.295387 0.340022
-0.065545 -0.256554 0.354596
-0.202546 -0.282691 0.185722
0.073086 -0.255060 0.013197
0.124524 -0.295258 0.355631
-0.184885 -0.250917 0.176618
0.263804 -0.275807 0.131441
0.298592 -0.258076 0.353794
0.228703 -0.267598 0.480494
-0.008691 -0.269373 0.131448
-0.140610 -0.286486 0.225833
-0.128631 -0.291902 0.269798
0.195393 -0.263958 0.050605
0.159673 -0.282487 0.460056
0.073679 -0.267195 0.291213
-0.236995 -0.263430 -0.147554
-0.234413 -0.246623 -0.313597
-0.264238 -0.237124 -0.310918
-0.242497 -0.245428 -0.135801
-0.235582 -0.253605 -0.167553
-0.233682 -0.245734 -0.334546
-0.269575 -0.262400 -0.236317
-0.261044 -0.267659 -0.281165
-0.230776 -0.245844 -0.181240
-0.233683 -0.262792 -0.244786
-0.237107 -0.253947 -0.008535
-0.265763 -0.230938 -0.343904
-0.256293 -0.247677 -0.212334
-0.246815 -0.246220 -0.319154
-0.249887 -0.261775 -0.068854
-0.231706 -0.233495 -0.241237
-0.263134 -0.261709 -0.371681
-0.235827 -0.238322 -0.398033
-0.253415 -0.241807 -0.166908
-0.236240 -0.249797 -0.087468
-0.262352 -0.235708 -0.256827
-0.240817 -0.241305 -0.260801
-0.231234 -0.238362 -0.217334
-0.262434 -0.268553 -0.335455
-0.231384 -0.239442 -0.127366
-0.265950 -0.253560 -0.026317
-0.267640 -0.241780 -0.087708
-0.233691 -0.263675 -0.268968
-0.264102 -0.266151 -0.397360
-0.243423 -0.246421 -0.377679
-0.267302 -0.256487 -0.347129
-0.237529 -0.259038 -0.052375
-0.232370 -0.246665 -0.384011
-0.255797 -0.254729 -0.340355
-0.251301 -0.244310 -0.036251
-0.242936 -0.253123 -0.307475
-0.257577 -0.232316 -0.085558
-0.233864 -0.267485 -0.370537
-0.248559 -0.245445 -0.298804
-0.241444 -0.263186 -0.366118
-0.258158 -0.235380 -0.295857
-0.231322 -0.261748 -0.393867
-0.235701 -0.269285 -0.354781
-0.235823 -0.263380 -0.380934
-0.253573 -0.233092 -0.130596
-0.248524 -0.261224 -0.128842
-0.241613 -0.249366 -0.223254
-0.255906 -0.268909 -0.233576
-0.242206 -0.250625 -0.050276
-0.237639 -0.259382 -0.367643
-0.269068 -0.254973 -0.098932
-0.255314 -0.256791 -0.239829
-0.254798 -0.241963 -0.248201
-0.265600 -0.254806 -0.145569
-0.246399 -0.237970 -0.163618
-0.259815 -0.258537 -0.325317
-0.245350 -0.256921 -0.262133
-0.246230 -0.268398 -0.018899
-0.266067 -0.232121 -0.163075
-0.235596 -0.244376 -0.036757
-0.268337 -0.233713 -0.383029
-0.233724 -0.268536 -0.223046
-0.245223 -0.239892 -0.390746
-0.244812 -0.234343 -0.210590
-0.264940 -0.235998 -0.231505
-0.256081 -0.240500 -0.313220
-0.246047 -0.261121 -0.316430
-0.238960 -0.246943 -0.127711
-0.250346 -0.256986 -0.373285
-0.263014 -0.263572 -0.341965
-0.237486 -0.262897 -0.025898
-0.262464 -0.260687 -0.186247
-0.246356 -0.268823 -0.068325
-0.258804 -0.267007 -0.035507
-0.260124 -0.237391 -0.254534
-0.244666 -0.248150 -0.149396
-0.254970 -0.266177 -0.039294
-0.250119 -0.250335 -0.250259
-0.253074 -0.238566 -0.258889
-0.232496 -0.250498 -0.075466
-0.265273 -0.243067 -0.357351
-0.249826 -0.267029 -0.110745
-0.257023 -0.236731 -0.320252
-0.262918 -0.241049 -0.361673
-0.259293 -0.230136 -0.313899
-0.269587 -0.255840 -0.143707
-0.248108 -0.254299 -0.064817
-0.232212 -0.249473 -0.065896
-0.257949 -0.251013 -0.133572
-0.237020 -0.248297 -0.093179
-0.261280 -0.232330 -0.080690
-0.250405 -0.253825 -0.054909
-0.260378 -0.230092 -0.396063
-0.250744 -0.235417 -0.374534
-0.243392 -0.232916 -0.398014
-0.245092 -0.257731 -0.101383
-0.269122 -0.253315 -0.371595
-0.231015 -0.259403 -0.280618
-0.231556 -0.248984 -0.319528
-0.251786 -0.255814 -0.370205
-0.234042 -0.268689 -0.273361
-0.264553 -0.239682 -0.169990
-0.253327 0.264474 -0.315294
-0.233430 0.269377 -0.294202
-0.249608 0.242229 -0.336796
-0.250287 0.249771 -0.126225
-0.240629 0.231134 -0.269334
-0.247019 0.263992 -0.306179
-0.268520 0.260433 -0.364573
-0.246389 0.241756 -0.219323
-0.235734 0.262977 -0.050181
-0.238928 0.244420 -0.345711
-0.230210 0.268438 -0.129687
-0.239697 0.258121 -0.166614
-0.267549 0.265071 -0.181487
-0.266157 0.268035 -0.173464
-0.240499 0.260787 -0.191550
-0.242953 0.232207 -0.214742
-0.243120 0.238856 -0.221838
-0.234002 0.260324 -0.253018
-0.251121 0.232437 -0.037230
-0.254138 0.238387 -0.379624
-0.233727 0.269320 -0.012718
-0.252978 0.232511 -0.331966
-0.234947 0.240049 -0.055977
-0.249468 0.233726 -0.192095
-0.250307 0.241716 -0.037486
-0.244238 0.268010 -0.332106
-0.240769 0.255804 -0.266671
-0.247279 0.252566 -0.291303
-0.232237 0.244025 -0.115714
-0.231104 0.263423 -0.234995
-0.253875 0.249391 -0.148096
-0.230745 0.230205 -0.077750
-0.259534 0.255905 -0.068848
-0.245823 0.241992 -0.261588
-0.236683 0.233926 -0.303383
-0.231905 0.259809 -0.013022
-0.252473 0.230746 -0.398553
-0.237442 0.265149 -0.200481
-0.263337 0.250485 -0.277617
-0.239566 0.240844 -0.378144
-0.267559 0.240197 -0.316486
-0.250795 0.261753 -0.021925
-0.256930 0.258454 -0.067235
-0.265388 0.243470 -0.361313
-0.257851 0.267712 -0.069220
-0.247845 0.263601 -0.379873
-0.248349 0.232837 -0.015853
-0.240534 0.269065 -0.004563
-0.235319 0.245802 -0.206710
-0.263647 0.269110 -0.154960
-0.243954 0.253549 -0.238068
-0.262587 0.260062 -0.323197
-0.233642 0.252727 -0.071511
-0.269831 0.255210 -0.312761
-0.259965 0.237408 -0.035516
-0.240739 0.252614 -0.293871
-0.269113 0.253882 -0.068069
-0.230993 0.249176 -0.356722
-0.254838 0.266887 -0.082217
-0.244014 0.244147 -0.206721
-0.247464 0.233889 -0.265575
-0.230371 0.242781 -0.318034
-0.261424 0.240236 -0.336003
-0.248140 0.262071 -0.226004
-0.260209 0.261437 -0.022381
-0.245300 0.253596 -0.096523
-0.254118 0.252796 -0.073500
-0.256439 0.247636 -0.385234
-0.261445 0.236445 -0.094080
-0.249185 0.230869 -0.241457
-0.237045 0.262446 -0.231138
-0.257954 0.246666 -0.348794
-0.233412 0.267866 -0.306171
-0.256967 0.245781 -0.345895
-0.238890 0.248804 -0.329370
-0.266785 0.252341 -0.315524
-0.269385 0.235841 -0.087301
-0.247544 0.242745 -0.352834
-0.232691 0.234640 -0.147226
-0.258244 0.265260 -0.185420
-0.238966 0.253568 -0.208432
-0.235197 0.241947 -0.338337
-0.233101 0.262952 -0.260532
-0.263143 0.252445 -0.290997
-0.232119 0.263354 -0.025211
-0.264992 0.239427 -0.199896
-0.236001 0.234500 -0.324446
-0.237356 0.247293 -0.330949
-0.255676 0.269455 -0.309757
-0.269415 0.263687 -0.136988
-0.261865 0.245108 -0.183892
-0.240034 0.237109 -0.156260
-0.234727 0.252825 -0.374900
-0.249221 0.238094 -0.216981
-0.264577 0.245674 -0.254799
-0.248014 0.251614 -0.241406
-0.236517 0.253392 -0.333537
-0.262678 0.234221 -0.203943
-0.257304 0.251834 -0.049497
-0.259681 0.246165 -0.121791
-0.253642 0.246203 -0.137024
-0.264855 0.236604 -0.196473
0.259871 -0.253358 -0.331505
0.257945 -0.250507 -0.076176
0.264633 -0.253864 -0.197677
0.260859 -0.260059 -0.009515
0.258513 -0.254001 -0.135130
0.267419 -0.235584 -0.340393
0.251289 -0.243599 -0.219225
0.268922 -0.242270 -0.062044
0.265763 -0.235472 -0.226348
0.238629 -0.249969 -0.368740
0.256274 -0.269439 -0.176965
0.253058 -0.239840 -0.102577
0.264011 -0.232028 -0.226282
0.231702 -0.239886 -0.365002
0.253064 -0.233858 -0.391676
0.241842 -0.246142 -0.183800
0.261584 -0.259390 -0.136666
0.268038 -0.237281 -0.368437
0.238285 -0.240051 -0.227547
0.245741 -0.263464 -0.086053
0.246585 -0.266355 -0.396658
0.238589 -0.243154 -0.007794
0.236451 -0.262742 -0.003704
0.252617 -0.243768 -0.087185
0.267427 -0.255491 -0.007976
0.241466 -0.240509 -0.290265
0.269320 -0.238826 -0.272424
0.267092 -0.249602 -0.075982
0.254438 -0.260301 -0.057400
0.267919 -0.235423 -0.231084
0.256227 -0.255470 -0.369861
0.250011 -0.231893 -0.168226
0.268423 -0.234579 -0.340496
0.266785 -0.234250 -0.116417
0.235038 -0.236627 -0.100207
0.239235 -0.243684 -0.052089
0.245690 -0.244152 -0.054076
0.248012 -0.264773 -0.351816
0.238818 -0.234689 -0.067409
0.238062 -0.255842 -0.341134
0.262669 -0.240851 -0.216619
0.231069 -0.231405 -0.361053
0.239058 -0.238762 -0.154705
0.261014 -0.258630 -0.394455
0.256552 -0.248115 -0.339521
0.259990 -0.257561 -0.085258
0.256113 -0.265525 -0.226613
0.245955 -0.245492 -0.314438
0.234225 -0.267489 -0.387906
0.246486 -0.244238 -0.215477
0.240176 -0.259076 -0.351432
0.245814 -0.257320 -0.215339
0.234560 -0.258149 -0.021089
0.269510 -0.239581 -0.369341
0.264272 -0.256100 -0.289595
0.252566 -0.247378 -0.203010
0.263218 -0.254432 -0.088737
0.245315 -0.260288 -0.370586
0.239319 -0.261985 -0.305863
0.230723 -0.248229 -0.022400
0.247636 -0.240735 -0.275093
0.264923 -0.257906 -0.113131
0.232437 -0.258319 -0.135093
0.235123 -0.232961 -0.091824
0.241972 -0.268096 -0.175034
0.251347 -0.259473 -0.163377
0.232268 -0.265895 -0.234840
0.255149 -0.267944 -0.150607
0.252806 -0.258226 -0.167676
0.230604 -0.268492 -0.336596
0.260119 -0.252891 -0.372641
0.248794 -0.231778 -0.069763
0.265904 -0.232734 -0.190455
0.253424 -0.265500 -0.035994
0.243403 -0.243654 -0.065083
0.237200 -0.232321 -0.018760
0.269747 -0.256462 -0.302101
0.255733 -0.253990 -0.071021
0.262779 -0.253102 -0.251265
0.267660 -0.266286 -0.366346
0.236869 -0.246849 -0.065698
0.257434 -0.251677 -0.345348
0.245120 -0.264166 -0.344793
0.244980 -0.260758 -0.090024
0.254710 -0.250078 -0.159282
0.256124 -0.236312 -0.262750
0.246585 -0.237266 -0.021406
0.231255 -0.247761 -0.161251
0.231664 -0.231194 -0.043441
0.261335 -0.234104 -0.337025
0.257928 -0.265030 -0.097566
0.262420 -0.250411 -0.015452
0.252152 -0.251235 -0.035705
0.257623 -0.241427 -0.219177
0.251964 -0.254156 -0.361553
0.242871 -0.230500 -0.398931
0.254604 -0.258033 -0.366155
0.247598 -0.249987 -0.182861
0.259649 -0.267945 -0.141086
0.239197 -0.235169 -0.011273
0.260642 -0.241864 -0.239204
0.236219 -0.258222 -0.050442
0.239862 0.230892 -0.323034
0.247976 0.259368 -0.121251
0.255262 0.235135 -0.093395
0.261426 0.248577 -0.110032
0.258540 0.251469 -0.359433
0.266169 0.235521 -0.014000
0.241273 0.258783 -0.154112
0.258706 0.230319 -0.177036
0.255520 0.266100 -0.063405
0.265739 0.257394 -0.108821
0.255200 0.233626 -0.162312
0.249576 0.256509 -0.073527
0.247489 0.268023 -0.378487
0.243801 0.258947 -0.047772
0.231260 0.262756 -0.205399
0.239185 0.251474 -0.273430
0.252098 0.264156 -0.280655
0.266174 0.249310 -0.151428
0.251620 0.236903 -0.359537
0.259900 0.249487 -0.168495
0.256735 0.262197 -0.096232
0.235536 0.236693 -0.035435
0.262465 0.246672 -0.245859
0.268750 0.243004 -0.277257
0.233336 0.249050 -0.063604
0.261443 0.267531 -0.045610
0.234961 0.240043 -0.328387
0.249253 0.249678 -0.174252
0.261361 0.255563 -0.370983
0.238410 0.255537 -0.194701
0.262486 0.237307 -0.273371
0.263026 0.262750 -0.087995
0.247680 0.251859 -0.272941
0.250906 0.237211 -0.356332
0.243467 0.261993 -0.328346
0.259813 0.246646 -0.353765
0.262478 0.252862 -0.145646
0.240407 0.234948 -0.299513
0.258357 0.248589 -0.274841
0.241386 0.263368 -0.300087
0.251509 0.264648 -0.053104
0.246000 0.257714 -0.186006
0.242684 0.250295 -0.272515
0.251553 0.238327 -0.149603
0.252898 0.260347 -0.039560
0.262537 0.238442 -0.196858
0.237244 0.269418 -0.026453
0.242364 0.263714 -0.201603
0.263534 0.254892 -0.336192
0.232205 0.234091 -0.163298
0.260202 0.249995 -0.183985
0.254941 0.256131 -0.241376
0.261483 0.262442 -0.229467
0.236413 0.247185 -0.239270
0.252261 0.232644 -0.104079
0.268542 0.231195 -0.305067
0.250381 0.253929 -0.073624
0.258188 0.248955 -0.309753
0.251158 0.266193 -0.161226
0.231801 0.258669 -0.165855
0.230094 0.233343 -0.282266
0.260620 0.237307 -0.321628
0.249632 0.238931 -0.035401
0.241349 0.267665 -0.158532
0.232827 0.246699 -0.350901
0.242618 0.233130 -0.110830
0.260179 0.248502 -0.028586
0.232947 0.252028 -0.058568
0.239803 0.269244 -0.321917
0.247823 0.254230 -0.302316
0.254504 0.258152 -0.238646
0.242164 0.251972 -0.104971
0.263344 0.231230 -0.146977
0.250660 0.243959 -0.122136
0.241506 0.266432 -0.364245
0.249350 0.230679 -0.353238
0.245478 0.244239 -0.135445
0.231685 0.255206 -0.131101
0.266751 0.254269 -0.061131
0.250353 0.231937 -0.172053
0.241869 0.261231 -0.053285
0.266564 0.245498 -0.145472
0.231137 0.230640 -0.350522
0.244459 0.266265 -0.156350
0.263694 0.232711 -0.210736
0.235215 0.249652 -0.041845
0.231758 0.233389 -0.129689
0.266085 0.262861 -0.122764
0.242447 0.245042 -0.276873
0.261597 0.238960 -0.144860
0.258190 0.236320 -0.378224
0.230705 0.245992 -0.193755
0.254655 0.264469 -0.307681
0.245107 0.232695 -0.272476
0.237529 0.244223 -0.097877
0.231166 0.268679 -0.090444
0.242888 0.266021 -0.325448
0.247863 0.245895 -0.137635
0.250422 0.259723 -0.064705
0.235968 0.250945 -0.015515
0.258928 0.240617 -0.147878
0.242249 0.267093 -0.381446
