-0.613547 -0.241396 0.200674
-0.286341 -0.101328 -0.046123
-0.914851 0.244963 -0.127010
-0.863443 0.138992 0.411116
-0.514897 -0.771470 0.133308
-0.479038 -0.200008 -0.251054
-0.302157 0.315942 0.054635
-0.553908 -0.167965 -0.245703
-0.627254 -0.341723 -0.115177
-0.153932 0.089746 -0.352733
-0.529172 -0.036464 0.000092
-0.341475 -0.465759 0.136932
-0.999832 0.310842 0.171327
0.034661 -0.373220 0.044421
-0.571740 0.367163 0.469908
-1.038285 0.261537 -0.437985
-0.594013 0.038221 -0.349952
-0.761404 -0.074640 0.227511
-1.021221 0.166332 0.206174
-0.652107 0.208073 0.330269
0.057873 -0.123348 0.136873
-0.046089 0.072650 0.140844
-1.087262 -0.763147 -0.527463
-1.040376 0.059983 0.030556
-0.321005 -0.140744 0.288927
-0.641423 0.090212 0.448248
-0.904740 -0.310903 0.166108
-0.901306 0.147069 0.254829
-0.698206 0.143397 0.631999
-0.803087 0.276362 0.275731
-0.618943 -0.384552 -0.269050
-0.541542 0.289820 -0.364925
-0.707738 -0.002453 -0.148341
-0.122274 -0.327851 -0.427888
-0.705574 0.249522 0.230329
-0.848717 0.466133 0.209414
-0.288693 -0.154369 0.396035
-0.267745 -0.154777 -0.051014
-0.786986 0.094133 0.143719
-0.881694 0.718100 0.049235
-0.242479 -0.238344 0.065632
0.013883 -0.015588 -0.014008
-0.660892 0.235703 -0.058187
-0.966091 0.301913 0.092816
-0.482817 0.018319 0.089496
-1.068648 0.333136 0.173509
-0.940622 0.054715 -0.458405
-0.707714 -0.875488 0.094514
-0.639832 -0.109421 0.106527
-0.587591 -0.166694 -0.554648
-0.298519 -0.445416 -0.042961
-0.639366 0.051552 -0.112346
-0.682569 0.129989 -0.077841
-0.627373 0.140707 -0.189289
0.238169 0.109186 -0.031726
0.041798 0.220578 -0.013503
-0.108054 -0.177315 -0.285686
-0.861737 0.224061 0.271400
-1.091123 -0.075246 0.204872
-0.947094 -0.282181 -0.264132
0.105402 -0.624254 0.064885
-0.539758 -0.416021 -0.361185
-0.203723 0.176506 -0.061090
-0.316985 0.203837 0.129943
-0.904549 0.017944 -0.095557
-0.544601 0.269479 0.026929
-0.362905 0.223974 -0.367823
-0.360023 0.210929 0.443947
0.048358 -0.110463 -0.299604
-0.241126 -0.075988 -0.309456
-0.678592 0.179489 0.281423
-0.170023 0.362464 0.673311
-0.951208 -0.236848 -0.242143
-0.494089 -0.312088 0.180287
-0.300068 -0.240178 -0.275421
-0.433194 0.027837 -0.009170
-0.348700 -0.403431 -0.100861
-0.557682 -0.048452 0.736021
-0.256930 0.071149 0.010481
-0.316833 -0.160237 0.071447
-0.855591 0.103518 0.785972
-0.640757 0.222793 -0.274998
-0.860084 -0.024455 -0.133528
-0.266564 0.456867 0.252714
-0.663263 0.031153 -0.226753
-0.737063 -0.320494 0.118848
-0.757738 0.308715 -0.170380
-0.469749 -0.419053 -0.561703
-0.473577 -0.379348 -0.164478
-0.536781 -0.335964 0.183781
-0.593672 -0.257188 0.128662
-0.621486 0.209105 0.346004
-0.147713 0.018335 0.000106
-0.362230 -0.206348 -0.192756
-0.227788 -0.249387 -0.080273
-0.496937 0.406518 -0.278736
-0.756490 -0.197697 -0.530311
-0.887634 -0.053458 -0.148783
0.168791 0.149861 0.093191
-0.485289 0.883678 -0.047473
-0.360427 -0.521644 0.310196
-0.003667 -0.029296 -0.262278
-0.757496 -0.218255 0.533820
-0.348595 -0.155986 -0.432800
-0.898259 0.258997 -0.325153
-0.727829 0.165771 0.074253
-0.126177 0.177818 0.240078
-0.636082 -0.167347 -0.542229
-0.610782 -0.100996 -0.012331
-0.238588 0.188463 0.102632
-0.495032 -0.118186 0.011539
-0.888030 0.210176 0.076884
-0.256078 -0.870224 0.054481
-0.408218 -0.137465 -0.219713
-0.349980 -0.014106 -0.417423
-0.806532 0.364143 0.056743
-0.744780 0.170154 0.233204
-0.494977 0.071066 -0.246269
-0.420586 -0.344079 -0.317894
0.209366 -0.013291 0.197516
-0.532355 -0.178549 -0.342818
-0.402507 0.431162 0.290767
-0.805182 -0.256822 -0.458294
-0.437638 0.349869 0.190563
-0.438965 0.563085 -0.456963
-0.500599 0.340598 0.336059
-0.023530 0.171194 0.181038
-0.861195 -0.316622 0.084591
-0.886159 -0.255312 -0.120945
-0.411780 0.040030 -0.040752
-0.275821 -0.187764 -0.077463
-0.588061 -0.299991 -0.221942
-0.753577 0.338490 0.212051
-0.089590 -0.141356 0.201741
-1.123690 0.070508 -0.168302
-0.719453 -0.122191 -0.306242
-0.506956 -0.366780 0.134894
-0.699744 0.106224 -0.253597
-0.427993 -0.019860 -0.421781
-0.140221 0.379173 0.237466
-0.603333 0.453925 0.467618
-0.757220 0.023311 0.258608
-0.271207 -0.092700 -0.012302
-0.789119 0.485574 -0.001730
-0.797104 -0.177755 0.012615
-0.470210 -0.602578 0.422340
-0.014137 0.041262 0.543077
-0.501564 -0.006135 0.158856
-0.722715 -0.160365 0.273207
-0.258731 -0.082721 -0.150553
-0.694188 -0.069091 -0.141778
-0.744976 0.053968 -0.150370
-0.719477 -0.175419 0.079515
-0.393835 -0.350877 -0.114881
-0.128276 0.137594 0.259354
-0.466799 -0.083908 -0.104921
-1.160022 0.092279 0.235554
-0.568014 0.714062 0.254817
-0.346501 -0.274698 0.039477
-0.182079 -0.255183 -0.284497
-0.701045 -0.025723 -0.192119
-0.828836 -0.079969 -0.062494
-0.544346 0.128843 -0.048363
-0.687962 0.002442 -0.296478
-0.486179 0.139701 0.178026
-0.571589 -0.272486 0.044925
-0.228104 -0.626830 0.109945
-0.247510 -0.188906 0.326335
-0.381221 -0.129808 -0.458019
-0.406935 0.028339 0.069820
-0.979606 -0.378770 0.359165
-0.542465 -0.110271 0.119663
-0.301436 0.331750 -0.535751
0.363160 0.317990 -0.459344
-0.540191 -0.206958 0.405021
0.034676 -0.362182 0.039879
-0.401245 -0.526444 0.210558
-1.082917 -0.050885 0.412214
-0.921341 0.124454 0.100237
-0.077034 -0.476434 0.141052
-0.391037 -0.038509 0.155162
-0.351516 0.026994 -0.101059
-0.326784 0.099052 -0.061164
-0.360216 0.071796 -0.075693
-1.341340 0.494510 -0.206079
-0.318677 -0.224966 0.297431
-0.394135 0.116691 -0.387307
-0.026987 -0.364844 0.103167
-0.653327 0.237388 0.162136
-0.379434 0.171836 -0.086418
-0.614603 0.134522 0.006157
-0.336446 0.507692 0.482041
-0.281922 0.001592 -0.384965
-0.396970 -0.213063 -0.315741
-0.197164 0.395718 0.234239
-0.322342 -0.400170 -0.069931
-0.321537 0.041544 -0.556298
-0.351552 0.393588 0.099305
-0.886381 0.115173 -0.019584
-0.634571 -0.067035 0.015391
-0.713419 0.218396 0.243048
-0.005347 0.132325 0.486165
-0.501481 0.533051 0.435432
0.240327 0.520909 -0.211522
-0.946641 -0.185898 0.020722
-0.814375 -0.626340 -0.408890
0.149584 0.340628 0.209721
-1.152913 -0.077468 0.045058
-0.853949 -0.309772 -0.456305
-0.810806 0.373846 -0.010822
-0.407555 0.239800 0.374913
-0.597092 0.334811 -0.069394
-0.496938 0.269092 -0.197083
-0.185918 -0.035009 0.685758
-0.684958 -0.208514 -0.156504
-0.154661 -0.171690 -0.141163
-0.415774 -0.031625 -0.269788
-0.562616 -0.181060 -0.768716
-0.733139 0.037988 -0.199392
-0.425436 -0.378436 0.394372
-0.182327 -0.190645 -0.101401
-0.718108 0.333804 -0.305521
-0.845550 -0.069507 0.110247
-0.675697 0.083639 0.021057
-0.507313 -0.128490 -0.115880
-0.872246 0.372745 0.331932
-0.223694 -0.494383 -0.047502
-0.140319 -0.299690 0.208794
-0.708591 -0.297351 -0.641095
0.101321 0.268103 -0.100111
-0.082560 0.214708 -0.322648
-0.192824 -0.362544 -0.127714
-0.313782 0.052263 0.118623
-0.465820 0.038615 -0.326385
-0.522398 0.205994 0.536053
0.201833 0.451249 -0.451637
-0.020927 0.238394 -0.334781
-0.238631 0.227808 0.177776
-0.382219 0.075951 -0.381783
-0.013353 0.264022 -0.172169
-0.481225 -0.548086 0.219300
-0.703498 -0.253274 -0.018605
-0.470073 0.111914 -0.016009
-0.563510 0.021474 -0.336518
-0.365675 -0.381442 -0.474658
-0.670489 -0.557822 -0.491864
-0.583841 0.073529 0.127051
-0.415035 0.276365 0.060411
-0.002561 -0.119751 0.627732
-0.744416 0.211819 -0.224522
-0.783150 -0.262007 -0.179814
-0.290889 0.283850 0.157583
-0.051059 -0.410905 -0.148708
-0.238508 0.407047 -0.099309
-0.750665 0.112210 0.306461
-0.364090 0.154883 -0.129386
-0.571987 -0.108068 -0.087325
-0.178774 0.171938 0.175672
-0.211645 -0.030770 -0.243341
-0.239945 -0.078758 0.480940
-0.811911 -0.375579 -0.201182
-0.513064 -0.166809 0.030495
0.106454 0.106662 0.230193
-0.335558 -0.701917 0.040968
-0.241707 -0.539474 -0.077343
-0.914909 -0.065481 -0.021035
-0.536134 -0.061815 -0.366017
-0.453897 0.091853 -0.440748
-0.404762 -0.005392 0.120775
-0.509581 0.452896 -0.207189
-0.754227 0.173697 -0.075521
-1.314606 0.349181 0.049864
-0.677894 -0.520179 0.266097
-0.648381 -0.267904 -0.075630
-0.456443 0.127697 0.094175
-0.346158 -0.129252 -0.489761
-1.127583 0.253685 0.556484
-0.351965 -0.338213 0.086825
-1.047614 -0.063478 0.378501
-0.422605 -0.261263 -0.184083
-0.601640 -0.039445 0.002079
-0.276648 0.035885 0.167836
-0.310860 -0.180100 -0.222331
-0.444393 0.008824 -0.064836
-0.244526 0.058475 0.197077
-0.227801 0.063000 0.268490
-0.347278 -0.623437 -0.441752
-0.625116 0.228381 0.180710
-0.202758 0.070106 -0.367170
-1.033091 -0.000773 -0.326224
0.029350 0.054150 -0.028647
-0.251176 -0.260925 0.037411
-0.101661 0.212842 -0.139658
-0.388506 0.147449 0.057542
-0.080434 -0.055392 -0.452319
-0.758085 0.033928 0.037256
-0.696211 -0.081168 -0.283486
-0.320970 0.125941 -0.102591
-0.208008 0.334216 0.155574
-0.468239 0.027994 0.538655
-0.686784 -0.089950 -0.480988
-0.634882 -0.499029 0.532771
-0.593396 0.052234 -0.205500
-1.097404 0.051838 -0.084906
-0.785003 0.008082 0.096334
-0.488519 0.304502 -0.081126
-0.030347 -0.437002 -0.072953
-0.815534 0.267205 0.270391
-0.620695 -0.197683 0.259515
-0.510562 0.665637 0.135338
-0.576486 -0.167281 -0.076964
-0.411915 0.130806 -0.307337
-0.762977 -0.260181 0.376684
0.100891 0.036974 -0.284956
-0.534031 0.003283 0.231514
-0.366779 -0.125774 0.335638
-0.588243 0.767219 0.252349
-0.445065 0.551256 -0.393635
-0.755112 0.178829 0.006429
-0.351468 -0.082342 -0.453413
-0.499006 0.092953 -0.559253
-0.168009 0.477165 0.771687
-1.121557 -0.684164 0.115631
-0.619494 -0.252230 0.412547
-0.447429 -0.143507 0.106917
-0.876600 -0.557961 0.483980
-0.505131 -0.167366 0.087008
-0.362064 -0.949038 0.662009
-0.780049 -0.058869 0.138876
-0.800437 0.168556 -0.308295
-0.814020 -0.141929 0.274067
0.145905 0.085477 0.434782
-0.526687 -0.079361 0.146234
-0.042094 0.279150 -0.346302
-0.836306 -0.049899 0.340739
-0.888363 -0.026111 0.358718
-0.490185 -0.065093 0.124832
-0.139317 -0.106301 -0.224161
-0.242596 0.434421 -0.208840
-0.215613 -0.352446 -0.413149
-0.762591 0.741745 -0.283755
-0.182186 0.129050 0.456587
-0.381377 0.227083 -0.148520
-0.294038 -0.030006 -0.601127
-0.398212 -0.334872 -0.371713
-0.470550 0.196315 -0.410886
-0.285276 0.139115 0.293600
-0.661822 0.225855 0.037655
-0.697931 -0.318300 -0.340344
-0.808289 -0.428541 0.632822
-0.577988 0.212150 0.248169
-0.040094 0.015730 0.610991
-0.219049 -0.044222 0.308289
-0.731175 -0.143760 -0.460571
-0.429527 0.488060 -0.003899
-0.568281 0.160926 0.124471
-0.278547 0.326408 -0.203814
-0.687950 -0.007359 -0.046475
-0.831397 0.202736 -0.152977
-0.350808 0.067015 -0.006046
-0.146211 -0.010170 0.220470
-0.472336 0.017559 0.106010
-0.998195 -0.080397 -0.317302
-0.184526 0.192865 -0.229123
-0.545297 0.110063 -0.401295
-1.072702 0.106284 0.250458
-0.047932 -0.348655 -0.203431
-0.762495 0.144713 -0.201295
-0.278431 -0.217464 -0.134391
-0.567740 -0.150518 -0.088988
-0.368517 0.107059 -0.406644
-0.862730 0.059836 -0.659362
-0.728000 0.255615 -0.387451
0.013992 0.018803 -0.343388
-0.517900 -0.088952 0.504771
-0.752631 -0.329747 0.108920
-0.027301 -0.151033 -0.046776
-0.582838 -0.620792 -0.521231
-0.601883 -0.134582 -0.666093
-0.655950 -0.253680 -0.093936
-0.021777 0.327313 0.311034
-1.026691 0.005070 0.557506
-0.636455 -0.098926 -0.260300
-0.442393 -0.101651 0.157823
-0.558672 -0.038071 -0.182584
-0.404382 -0.346026 0.180477
-0.861739 0.254860 0.353006
-0.654213 0.011367 -0.154360
-0.705257 0.155651 -0.580116
-0.557887 -0.249320 -0.272355
-0.663678 0.127539 -0.132066
-0.674143 0.033004 0.010384
-0.559273 0.233367 -0.382890
-0.476685 0.479410 -0.556033
-0.291905 -0.437253 -0.083913
-0.574280 -0.502683 -0.223864
-0.607129 0.217762 -0.104806
-0.183992 0.454030 0.278121
-0.054434 -0.174365 -0.457623
-0.808954 0.456197 -0.923177
-0.108808 0.027834 -0.022212
0.138442 -0.145269 0.099359
-0.241116 0.006974 0.072363
-0.584534 0.090506 0.189184
-0.342759 -0.324368 -0.334077
-0.864901 0.269735 0.740828
-0.535345 0.214688 -0.352286
-0.346626 -0.323743 -0.017332
-0.507547 0.414826 0.635810
-0.772427 -0.222760 0.035303
-0.345265 -0.282051 -0.331525
-1.325456 -0.081086 0.205589
-0.086631 0.310022 0.229884
-0.575469 0.011995 0.151789
-0.424489 0.119048 0.233979
-0.272352 -0.072257 0.381045
-0.620743 -0.030938 -0.499079
-1.047783 0.378808 -0.169460
-0.755403 0.314650 -0.099726
-0.437269 -0.692725 0.422440
-0.413972 0.213209 -0.195166
-0.855255 -0.303590 0.565082
-0.552929 -0.213122 0.214340
-0.240599 -0.389568 -0.270557
-0.533592 0.103524 0.072219
-0.773714 -0.066451 0.007590
-0.546673 -0.027084 -0.385719
-0.798685 -0.112164 -0.211683
-0.298238 -0.345930 0.373626
-0.992838 0.086707 0.459164
0.033456 -0.303592 0.022023
-0.722540 0.434713 -0.037206
-1.028524 0.176163 -0.177706
-0.309444 0.106454 0.472679
-0.667236 0.149306 -0.415362
-0.132753 -0.057038 0.039807
-0.171845 -0.308844 -0.455144
-0.411231 -0.020973 -0.098843
-0.283034 0.227847 -0.325066
-0.428834 -0.578212 -0.032647
-0.362438 0.208493 0.200517
-0.161933 0.232516 0.206123
-0.324613 -0.203829 -0.177839
-0.301252 -0.048326 -0.638180
-0.536192 -0.238405 -0.387713
-0.886035 0.036297 -0.190597
-0.669485 0.211086 -0.284499
-0.817163 0.018636 -0.156496
0.035915 -0.121200 0.019678
-0.279642 -0.451075 0.237605
-0.544970 0.268821 0.019118
-0.382392 0.252104 0.099251
-0.550096 0.110140 -0.023906
-0.577503 -0.215920 0.173209
-0.530683 0.188865 -0.160939
-0.278643 0.082672 0.167050
-0.593663 -0.409434 0.675969
-0.461444 -0.532073 0.241038
-0.420578 -0.440513 -0.087434
-0.422262 -0.281645 -0.473387
-0.547102 -0.052483 -0.174467
-0.600332 0.002791 -0.111522
-0.396520 -0.116608 0.594829
-0.310319 0.312833 0.193410
-0.451129 0.259398 0.037365
-0.669827 -0.585055 -0.657202
-1.013586 0.179500 -0.225814
-0.132191 0.002523 0.371693
-0.809337 0.211932 0.010248
-0.055551 0.224773 0.080372
0.079378 -0.571853 0.192159
-0.514904 0.166158 -0.219300
-0.721236 -0.103062 -0.007995
-0.072157 -0.087379 -0.556836
-0.216484 0.097445 -0.055329
-0.386749 -0.193308 -0.235650
-0.254126 0.575500 -0.148251
-0.463032 0.038203 0.030091
-0.239224 0.337837 -0.390716
-0.628534 -0.560053 0.535643
-0.244280 -0.321651 0.518885
-0.912422 -0.337240 0.155988
-0.402018 -0.060459 -0.110545
-0.509096 0.022352 0.484958
-0.471116 0.053102 -0.035267
-0.853484 -0.327089 0.756188
-0.057450 0.429223 -0.330842
-0.001300 -0.490333 0.257260
-0.394744 0.083778 -0.491423
-0.614667 -0.078297 0.240711
-0.551292 -0.089267 0.016696
-0.618162 0.048272 0.002554
-0.593194 0.089438 0.136030
-0.381507 0.109431 -0.285792
-0.565721 -0.428500 -0.217184
-0.789862 -0.090754 -0.691369
-0.397093 0.554595 -0.293668
-0.443718 -0.280286 0.136916
-0.727490 -0.316275 0.209903
-0.919452 0.012334 -0.321459
-0.361698 0.353033 -0.164326
-0.102836 0.203207 -0.412912
-0.733229 -0.017923 0.068719
0.034202 -0.275009 -0.059504
-1.083216 0.345007 -0.642733
-0.613268 0.003893 0.365913
-0.982597 -0.012917 0.195640
-0.184420 -0.439972 0.731026
-0.657235 -0.579547 0.364566
-0.629983 -0.308597 0.254413
-0.214608 0.369805 -0.219770
-0.041567 -0.747847 0.143452
0.702078 -0.068140 -0.015891
0.189852 0.384239 1.097951
0.527424 0.485085 0.330321
0.639455 0.275092 -0.629792
0.765265 -0.146172 -0.338150
0.443893 -0.253240 -0.511174
0.571904 -0.038248 0.034372
0.403921 0.413771 -0.120328
0.494683 -0.191916 0.206781
0.608475 0.473587 -0.271759
0.637251 -0.280791 0.397369
0.586945 0.279145 0.045839
0.397307 0.366629 -0.179789
0.522193 0.306151 -0.247049
0.741868 0.034980 0.031805
1.138761 0.078808 0.244013
0.633610 -0.208851 0.532132
0.780380 0.102850 0.019719
0.658410 0.483664 -0.275499
0.070574 -0.531353 0.038604
0.516050 0.513164 -0.142706
0.052266 -0.089589 0.211163
-0.090936 -0.242112 0.281603
0.662169 0.757203 -0.187097
0.615894 -0.194199 -0.114751
0.853570 -0.429520 -0.011768
-0.039134 0.216184 0.256348
0.822024 -0.215431 -0.065149
1.079622 0.382599 -0.168661
0.341215 0.176055 0.320488
0.309504 0.639217 0.220254
0.387680 0.192671 -0.224788
0.543274 0.234740 0.433374
0.517903 -0.163301 -0.116229
0.857691 -0.176627 0.342891
0.150113 -0.416545 -0.118885
0.151100 0.247185 -0.194725
0.857099 -0.694974 0.390759
-0.069582 -0.395278 0.050767
0.723017 0.002125 -0.150128
0.691977 -0.403219 0.304421
0.799105 -0.565530 -0.270281
0.491791 -0.330263 0.267657
0.751936 0.333720 -0.034772
0.808156 -0.166852 0.554696
0.471647 0.275374 0.410225
0.170614 0.020146 -0.331149
1.183179 -0.194778 0.044089
0.578970 -0.636340 -0.070871
0.210466 -0.442524 0.046838
0.759758 0.124674 -0.031141
0.453737 -0.081072 -0.228583
0.222125 0.217475 0.187867
0.397622 -0.498452 0.033344
0.339006 0.268476 0.230405
0.737351 0.135616 -0.243017
0.766655 0.500964 -0.490060
0.397447 -0.213388 -0.098044
0.798123 0.187223 0.280089
0.694825 -0.058506 0.508509
0.161328 0.546885 -0.385392
0.960844 -0.346698 -0.374776
0.675596 -0.382910 0.018763
0.162554 -0.060031 0.127214
0.291737 0.171060 -0.511694
0.026510 0.139492 0.189269
0.728040 0.081087 -0.225893
1.111436 0.168861 0.166800
1.002909 0.056125 0.346494
0.638693 0.154691 0.203395
0.864444 -0.392806 0.139202
0.350143 -0.058809 -0.243473
0.317367 0.015940 0.309196
0.792182 0.198836 -0.115340
0.677972 -0.176916 -0.261701
0.038154 0.262233 -0.345617
0.759205 -0.156807 -0.056812
0.768481 -0.458129 -0.017291
1.173201 -0.471160 -0.240496
0.373040 0.119101 0.263982
0.309222 0.282803 0.614051
0.821099 0.274850 -0.526334
0.573809 -0.189239 0.129443
0.962235 -0.006922 0.102222
0.334986 -0.344505 0.178438
0.860845 -0.627459 0.332927
0.825224 0.631149 0.262176
1.130615 0.072355 -0.326527
0.446197 0.339865 -0.438286
0.379081 0.345246 0.026775
0.252519 0.468900 -0.361252
0.811122 0.010761 0.081076
0.663728 -0.033116 -0.103493
0.366889 -0.081469 -0.015230
0.659024 0.439689 -0.047855
0.826175 -0.046748 0.478644
0.686322 0.248632 0.107560
0.423964 -0.029838 -0.687020
-0.317974 -0.096943 0.252520
0.134881 0.067366 -0.325428
0.400810 0.070492 -0.387772
0.587217 -0.010734 0.443129
0.281135 0.347633 0.549091
0.384107 0.330551 -0.423557
0.421610 0.575960 -0.091051
0.530672 0.511327 -0.146516
0.488447 0.147207 0.232259
0.833410 0.439171 0.040175
0.440048 0.403324 -0.369440
0.463706 0.235103 -0.148945
0.686518 -0.056817 0.322440
0.704936 -0.025743 0.139491
0.113438 -0.097332 0.081984
0.706118 -0.197690 0.426677
-0.083506 -0.596738 0.388264
0.556997 -0.336347 -0.026135
0.418400 -0.074734 -0.337272
0.188761 -0.483045 0.159868
0.348659 0.327209 -0.082701
0.534634 0.258641 0.005344
0.165019 0.206652 -0.202087
0.267033 0.629233 -0.112365
0.075741 0.313763 -0.042652
0.577382 0.430028 -0.484664
0.676190 0.015131 -0.053872
0.425401 0.090126 0.287488
0.170569 -0.027512 -0.682276
0.902134 -0.016276 0.263073
1.005291 -0.311853 -0.439870
0.773556 0.400268 0.193585
0.424382 -0.110246 -0.075759
1.294618 0.008982 0.032181
0.842687 0.015881 0.072229
0.619274 0.026907 -0.566435
0.503320 0.025934 0.514466
0.473523 -0.584271 -0.002905
0.129391 -0.028051 0.072603
0.638636 -0.315616 0.176065
0.251770 0.289712 0.056929
0.504245 0.279892 -0.277302
0.647123 -0.049659 -0.027452
0.272736 0.200238 -0.333584
0.837060 0.310723 -0.600549
0.483360 0.353914 0.528908
0.739822 -0.433969 0.047919
0.352206 0.516758 -0.055626
0.441385 0.177327 -0.298552
0.538985 -0.411017 0.185215
0.393693 0.554745 -0.108915
0.598070 -0.243197 -0.164363
0.470433 -0.018339 -0.264615
0.804768 -0.279459 0.120995
0.568398 0.121118 0.426331
0.699919 -0.270557 -0.221427
0.638111 -0.156761 0.053209
0.807634 -0.241130 0.273828
0.224240 0.115911 0.190442
0.216454 -0.227068 -0.175807
0.203805 -0.451919 -0.000354
0.322621 -0.067718 -0.023946
0.274121 -0.147612 0.201958
0.848110 -0.087954 0.369789
0.810494 -0.182064 0.714849
0.918067 -0.161481 0.424878
0.332896 0.045775 0.003237
0.437105 0.094680 0.156900
0.288687 0.095175 -0.038361
0.191939 -0.290835 0.007685
0.801015 0.161280 -0.301625
0.149429 0.310132 0.230182
0.191808 0.174050 -0.254246
0.317713 -0.221716 -0.312427
0.065303 -0.107043 -0.153102
0.240819 0.120450 0.032026
0.382967 -0.267480 -0.076601
0.728836 0.086349 -0.114917
-0.016526 -0.330048 0.274092
-0.043766 -0.242155 -0.236375
0.797620 -0.136855 -0.093664
0.214742 -0.078873 -0.354388
0.575539 -0.006406 0.043370
0.919190 -0.045784 0.048243
0.718367 -0.317329 0.075247
0.129776 0.196733 -0.053140
0.561501 0.201059 -0.240749
-0.050079 0.124953 0.197182
0.504300 0.930193 0.245704
0.606868 0.305148 -0.542842
0.307325 -0.450843 -0.043820
0.566547 0.606588 -0.200519
1.255055 0.410960 0.040679
0.807718 0.010239 0.179554
0.186334 -0.032064 0.074902
0.738859 0.637759 0.567614
0.654699 -0.229512 -0.467496
0.204080 0.394547 -0.332419
0.484910 -0.105605 0.034419
0.313256 -0.076124 -0.068842
0.384957 0.145672 -0.051166
0.547256 -0.438114 0.027573
0.334898 0.207619 0.573812
0.993916 0.698818 -0.125781
0.110003 0.344190 0.371169
0.553106 0.199984 0.374819
1.092975 0.190872 -0.142040
0.800893 -0.102692 -0.482448
0.530426 -0.000442 0.245190
0.393272 -0.117580 0.040079
0.273158 0.020975 0.056259
0.732328 0.073396 -0.041640
0.527912 0.321657 -0.134691
0.674018 0.024633 0.037082
0.466066 0.137864 -0.230861
0.162259 -0.008754 0.112174
0.488167 0.279834 0.375059
0.681323 0.230278 -0.168254
0.562475 0.354479 -0.294864
0.109669 0.138640 -0.288240
0.277673 -0.031525 -0.761201
0.571925 0.753986 0.238800
0.598494 0.009389 -0.312265
0.636582 0.206326 -0.325307
0.570419 0.025990 -0.017062
0.739141 -0.098053 -0.083402
0.115298 0.177424 0.177201
0.276958 -0.067190 0.377686
0.110087 -0.281158 -0.077437
0.540446 -0.077092 -0.176675
0.106731 0.280451 0.286323
0.478067 -0.705061 0.143844
0.519870 -0.027757 0.047297
0.218558 0.305352 0.121660
0.698604 -0.348928 -0.183501
0.674880 0.000742 -0.060083
0.370794 -0.150798 -0.009049
0.235425 -0.196682 -0.345518
0.329649 -0.170730 -0.578592
0.534759 -0.084336 0.231668
0.934791 -0.000509 0.177631
0.470023 -0.496543 -0.038394
0.608075 0.174276 -0.180071
0.308889 0.071375 0.254683
0.699114 -0.218233 -0.422659
0.841354 -0.252214 -0.098228
0.083240 0.016704 -0.715886
0.983806 0.020087 -0.125712
0.277049 -0.162343 -0.619077
0.322226 -0.294838 -0.023097
0.344499 0.360813 -0.058218
0.279279 -0.063613 -0.252002
0.698131 0.284562 0.305209
0.942350 -0.285445 -0.133962
0.133121 -0.145674 -0.417721
0.594669 0.446878 -0.280424
0.686942 -0.207112 0.154476
1.007157 -0.327206 -0.132019
0.551100 0.596568 -0.493096
0.566359 -0.185685 -0.541941
0.318869 -0.561987 -0.533106
0.721583 0.917707 -0.206367
0.048402 0.186795 0.124646
0.663816 -0.207101 0.134720
0.642141 0.016201 0.050181
0.131982 0.364947 -0.259720
0.312234 0.404551 -0.392152
-0.038375 -0.526040 0.670513
0.442336 0.266562 0.352242
1.040953 0.416646 -0.035596
0.447343 -0.257898 0.159560
0.303526 0.621741 -0.131897
0.194485 -0.084589 -0.179243
0.166336 -0.642916 -0.309080
0.203611 0.016680 -0.307977
0.997062 0.080799 0.074946
0.975659 -0.122982 0.038683
0.760544 -0.140815 0.023142
0.854318 -0.213883 -0.244282
0.224049 -0.525401 0.650674
0.154132 -0.224483 -0.111908
0.531366 0.156678 -0.159429
0.572243 -0.646728 -0.266215
0.075936 0.293771 0.078872
0.333567 0.086113 0.136585
0.960317 0.045225 0.132379
0.338921 0.037186 0.063219
-0.201102 0.630699 -0.119549
0.513899 -0.311623 -0.077884
0.728259 0.074507 0.099672
1.039107 0.131520 -0.695093
0.784922 0.269978 -0.373572
0.460867 0.265304 0.043542
0.542055 0.266640 -0.122745
0.964408 -0.071379 0.010241
0.553954 0.174124 0.215261
0.350465 -0.306358 0.096193
0.285602 0.212546 0.274909
0.676161 -0.526960 0.016586
0.265353 -0.467783 0.124071
0.007474 0.120120 0.077570
0.429087 0.086054 -0.168036
0.662203 -0.024496 0.582532
0.879430 -0.143558 -0.428213
0.431376 -0.093096 -0.271504
0.446687 -0.376815 -0.266300
0.167584 -0.420566 -0.263306
0.359189 0.767304 -0.562530
0.786207 -0.180109 -0.100393
0.183010 0.062531 -0.235732
-0.185311 0.331866 -0.345087
0.829298 -0.112000 0.392363
0.272248 -0.094795 0.084367
0.992997 0.066129 0.383545
-0.018073 -0.203219 -0.065535
0.455214 0.371412 0.364434
0.838490 -0.369036 -0.168925
0.388295 0.351505 -0.468057
0.755687 -0.270596 -0.304548
0.562091 -0.000162 0.083739
0.505031 0.391538 0.277876
0.313028 -0.342340 0.200719
0.500913 0.153559 -0.169067
0.932495 0.276997 0.195085
0.979123 -0.357558 0.053622
0.321651 -0.008063 -0.085047
0.607901 -0.151277 -0.262255
0.528032 0.158747 -0.194630
0.482466 0.407949 0.253584
1.068212 -0.422525 0.044362
0.342725 -0.009041 -0.116098
0.277286 -0.401017 0.290600
0.822882 -0.059854 0.472623
0.888021 0.304697 -0.156542
0.731013 0.174340 0.130242
0.316951 -0.091677 0.278376
0.787427 -0.142477 0.258185
0.094691 -0.048130 0.022479
0.234288 -0.314161 0.138064
0.209906 -0.249017 -0.259268
0.387271 -0.337147 -0.066893
0.357980 -0.309050 -0.649386
0.306560 0.128283 -0.312003
0.604480 0.459631 0.341362
0.831997 -0.256426 -0.403269
0.884668 -0.192760 -0.132924
0.492303 -0.333139 -0.025557
0.492697 0.627649 -0.333224
0.345542 0.264146 -0.074059
0.314445 0.082172 -0.269459
0.030465 -0.183356 -0.168754
0.688214 -0.035366 0.561476
-0.151015 0.264002 0.297101
0.497658 -0.246585 0.331870
0.353639 -0.241020 -0.615770
0.658825 0.558626 -0.013326
0.327717 0.195110 0.242920
0.328443 0.031093 0.217462
0.829815 0.046602 -0.326591
0.958256 -0.205618 0.064369
0.592542 0.135078 0.439242
0.201893 0.177701 -0.075435
0.280633 -0.277627 0.026834
0.593043 0.062918 -0.005409
0.386532 -0.192253 -0.138376
0.376145 -0.365789 -0.357051
0.552402 0.295010 -0.082930
0.446946 -0.270457 -0.351748
0.839907 0.749958 -0.560673
0.416302 -0.174881 0.006288
0.711280 0.163463 -0.082712
0.317959 -0.508336 0.101144
0.076630 -0.336053 -0.578042
-0.179586 0.097674 0.700253
0.598902 0.449681 -0.127684
-0.114487 0.246818 -0.611248
1.037972 -0.183432 0.373147
0.080610 -0.082462 -0.356572
0.889307 -0.314420 -0.172949
0.775481 0.278875 -0.035485
0.612063 0.063017 0.607934
0.476992 -0.206301 -0.289777
0.611437 0.266387 0.132673
0.535944 -0.239614 -0.772502
0.199613 -0.246697 0.061606
0.242401 0.093642 0.287536
0.963898 -0.060545 0.050973
0.711539 0.312417 -0.020840
0.394638 -0.265262 -0.159622
0.232417 0.284471 0.468464
0.579350 -0.422344 0.277352
0.052481 0.135640 -0.142852
1.276289 -0.292657 -0.408414
0.592850 0.366257 -0.025523
0.917316 -0.195269 0.548886
0.732211 -0.301857 -0.245350
0.678651 0.412201 0.515674
0.808714 -0.114656 0.227584
0.565283 -0.469169 -0.431174
1.286741 -0.252341 -0.426749
0.811621 0.343513 -0.554039
0.498061 -0.335884 0.225165
0.719406 -0.462547 0.398996
0.473869 0.389665 -0.352317
0.245228 0.029948 -0.238539
1.083112 -0.268693 -0.038381
0.714689 0.747646 0.086599
0.362784 0.251794 0.199794
0.328156 -0.158220 -0.142774
0.504931 -0.222494 0.598764
0.513093 0.069664 -0.050067
0.285562 -0.225444 -0.034447
1.033199 0.081318 0.376025
0.560902 0.213222 0.057419
0.508964 -0.199866 -0.405409
0.376265 0.262253 0.017383
0.683429 0.365558 -0.039306
0.823640 -0.022140 0.620628
-0.005749 0.071311 0.086932
0.107877 0.232401 0.199438
0.288323 0.131995 -0.022362
0.512686 -0.392411 0.704876
1.332681 -0.417230 0.061205
0.452589 0.383519 0.267105
0.357684 -0.106543 -0.134418
0.438540 -0.635875 0.046092
0.425202 -0.084442 -0.051530
0.340849 0.542254 0.504214
0.347390 -0.192184 -0.128885
0.470906 0.220916 -0.304626
0.571386 0.237397 0.350272
0.123120 0.037495 -0.273704
0.613993 -0.257420 0.405574
0.567203 0.136154 -0.097771
0.250970 -0.246901 0.835860
0.577950 0.032425 0.043254
0.313800 0.625283 -0.105437
0.228623 -0.000006 0.424054
0.531351 -0.161411 -0.283908
0.051486 0.225787 0.110065
0.405032 -0.109613 -0.431512
0.266876 -0.221850 -0.422009
0.815429 0.258421 0.473159
0.696738 0.030782 0.000381
0.031786 -0.236854 -0.149692
0.578155 0.584132 -0.284898
0.112848 0.163025 0.052504
0.527541 0.023287 0.054605
0.478838 0.156151 0.188618
0.086344 -0.110743 -0.384783
0.940058 -0.069853 -0.389474
0.502594 0.145642 0.311387
-0.028372 0.171945 0.002356
0.913091 -0.243545 -0.410760
1.132095 -0.258530 0.341438
0.212019 -0.031951 -0.242266
0.602819 -0.095554 0.271820
0.148301 -0.051771 0.191143
0.371314 0.494301 0.235691
0.383469 0.118071 -0.075326
0.615241 0.226022 0.396556
0.593343 -0.297099 0.365652
0.489718 0.003860 -0.132259
0.339919 -0.061327 -0.035692
0.752744 -0.046256 0.286618
1.166755 0.148020 -0.241728
0.343714 0.096282 -0.586366
0.344683 0.181276 0.372039
0.362773 0.647174 -0.418531
1.028393 -0.157323 0.130608
0.900294 -0.421353 -0.023412
0.165084 0.064743 0.108415
0.155327 -0.046966 0.299753
0.437185 0.245649 -0.025428
0.734312 0.349268 -0.064208
0.140857 0.359415 -0.051324
0.491949 -0.126678 -0.535837
0.447943 -0.629595 -0.083606
0.966390 -0.281625 0.127724
0.042491 -0.084822 -0.053802
0.284654 0.356921 -0.028274
1.095989 -0.709969 0.372550
0.722501 -0.007882 -0.308818
0.633762 -0.238502 -0.060792
0.468109 0.100712 0.266652
0.507078 -0.077185 -0.465537
0.580638 -0.051089 -0.080872
0.893319 0.303323 -0.263096
0.908366 -0.469636 0.242020
0.069937 -0.263007 0.028242
0.761606 0.076450 -0.082178
1.073001 0.034039 -0.154133
0.310526 -0.448450 0.402497
0.492455 -0.296490 -0.043914
1.046783 0.218709 0.047428
0.748051 -0.378267 0.141053
1.195788 0.337370 0.052277
0.712762 -0.623966 -0.103761
0.219240 -0.259869 0.324821
0.283587 -0.076291 0.219505
0.270426 -0.240943 0.180531
1.020960 0.344551 0.000836
0.354683 0.466802 -0.060581
0.426480 -0.208606 -0.166621
0.769160 -0.099740 0.507968
0.163250 -0.202590 0.114588
0.625411 0.513637 0.091602
0.628500 0.389061 0.082891
0.667051 -0.367130 0.177257
0.350147 -0.012417 -0.243500
0.747122 -0.245536 0.077291
0.680523 -0.249462 0.197569
-0.024058 -0.107626 -0.239106
0.475929 -0.130337 -0.381957
