-0.256192 -0.452292 0.874871
0.080519 -0.784557 0.270621
-0.352287 0.654969 0.520533
-0.852335 0.970392 -0.455056
0.905413 0.804410 0.429974
0.202631 -0.665103 0.319721
-0.845051 0.282995 0.111592
0.366616 -0.812133 -0.652950
0.159118 -0.390605 -0.777873
0.019424 -0.349078 -0.248512
-0.746501 0.501515 0.767045
0.578695 -0.342008 0.788382
0.067356 -0.087856 -0.439731
-0.349118 -0.617177 -0.948824
-0.588846 -0.878354 -0.993400
-0.117473 0.550736 -0.621264
0.044972 0.023937 -0.559688
0.444982 -0.295459 -0.621241
0.371461 -0.743454 0.567702
-0.109577 0.022841 -0.313640
0.370093 0.924831 0.948869
0.123965 0.436907 0.244303
-0.745297 -0.547539 0.165394
0.113763 -0.353423 0.465009
0.273726 -0.415175 0.378818
0.472593 0.962859 -0.386478
-0.427467 0.165891 -0.611585
-0.783440 0.618997 0.668690
0.187219 -0.779963 -0.808145
0.105134 -0.392292 -0.158694
0.975597 0.859946 0.728591
0.852560 -0.135359 0.836274
0.264630 -0.536529 -0.253601
-0.816254 -0.264962 -0.756105
-0.713371 0.129128 -0.842641
-0.636538 -0.042841 -0.969585
-0.895791 -0.833231 -0.970038
-0.518128 -0.327179 0.219219
-0.005473 -0.070031 0.704349
-0.646746 -0.462053 0.642880
0.919010 -0.804260 0.804723
-0.408259 -0.297419 0.195105
-0.013702 0.224875 -0.806330
0.896546 -0.632952 -0.010754
0.447613 0.291619 0.012301
-0.784391 -0.201116 0.845320
0.487844 -0.257080 0.888990
-0.026303 0.801047 -0.805028
0.128535 0.727062 0.320062
-0.849224 0.818460 -0.757675
0.754206 0.051994 0.149152
-0.721385 -0.124735 0.180239
0.219669 0.590420 -0.992163
-0.440874 -0.728586 0.085659
-0.288637 -0.067817 -0.993137
-0.295146 0.655702 -0.657906
-0.438546 0.002583 0.228531
0.061606 0.697907 -0.486212
-0.954736 -0.047967 -0.545379
-0.142678 -0.906084 -0.138847
0.646709 0.945317 -0.935168
-0.276317 0.685095 0.385452
0.175153 -0.336892 -0.950733
-0.928664 0.485503 0.601561
0.533062 0.380989 0.598262
-0.693838 0.941055 0.466740
-0.498053 -0.402287 -0.952248
-0.185755 -0.966660 0.792678
-0.115991 -0.964354 -0.682717
0.287389 -0.569882 -0.409696
0.886727 -0.866272 0.427376
-0.772102 0.320855 0.862951
0.607003 -0.196247 0.770127
0.491457 -0.488643 0.478970
-0.303877 -0.670298 -0.538801
0.351171 -0.870122 -0.835307
0.841519 0.714714 0.512866
-0.301066 0.090196 -0.945110
0.752427 -0.006619 -0.809427
-0.486907 0.120406 -0.708124
0.774715 0.744004 0.926020
-0.902975 -0.347094 0.708205
-0.181759 0.307165 0.858280
0.990391 -0.992207 -0.424487
0.109244 0.194965 -0.570452
-0.694282 -0.877200 0.159646
-0.636985 -0.290868 -0.432869
0.733367 0.141933 0.770483
-0.964321 0.781227 -0.982120
0.287210 0.973569 0.219486
0.911324 0.219630 -0.007432
-0.974133 -0.944511 -0.853684
0.254992 0.555344 -0.650366
-0.912138 0.566029 -0.784914
-0.665897 0.973420 -0.989154
0.608682 0.935227 0.161876
-0.221690 -0.603064 -0.221152
-0.026604 0.271104 -0.665634
-0.936327 0.598926 0.922290
0.293796 -0.516792 -0.245213
-0.646022 0.321703 -0.422298
0.185680 0.364654 -0.842569
-0.168989 0.236972 -0.097313
0.975228 0.094235 0.800479
-0.954713 -0.994232 -0.945019
0.749028 -0.633383 0.545934
0.520610 0.345634 -0.813277
0.149136 0.775391 0.386574
-0.775808 -0.146820 0.269000
0.355347 -0.506593 -0.206172
-0.378230 -0.695127 -0.107950
0.496612 0.947251 0.268299
0.771379 0.485079 -0.311136
-0.477501 -0.541127 0.629032
0.166545 0.850732 0.866734
0.229442 -0.596403 0.122377
0.197685 0.474420 -0.965886
-0.784827 0.100036 0.353498
0.407599 -0.379188 -0.836602
0.030851 -0.832304 -0.789963
-0.517566 0.962936 0.981418
0.937716 -0.426098 0.961615
-0.792737 -0.197603 -0.147693
0.107280 0.732502 -0.368995
-0.911676 -0.245026 -0.772885
0.720434 -0.641591 -0.899042
-0.907538 0.366900 0.871671
0.292859 0.673988 -0.405405
-0.193766 -0.731514 -0.808212
-0.317124 0.008520 -0.924582
0.570361 -0.236171 0.489484
-0.911207 0.043086 0.293350
0.834928 0.119524 -0.915078
-0.376209 -0.318098 0.905130
-0.567087 -0.007526 -0.323575
0.555955 -0.481750 0.191612
-0.603862 -0.915050 -0.061436
0.463540 -0.501445 0.921320
-0.747080 0.712286 0.555994
-0.177465 -0.023366 0.178369
0.427626 -0.639077 -0.832423
-0.285922 0.045488 0.491522
-0.255653 -0.025366 0.035342
0.504283 -0.303606 0.487404
-0.730849 -0.359886 0.659377
-0.811006 0.874572 0.226096
-0.782963 0.765923 0.362798
-0.459341 -0.794971 -0.781812
-0.891568 0.759810 -0.974593
0.397483 -0.757220 -0.391616
-0.541476 -0.775380 0.503664
-0.105486 -0.675375 -0.386443
-0.905777 0.764687 -0.257162
0.568363 0.285850 0.863265
0.953214 0.557090 0.291199
0.386179 -0.599378 0.540233
-0.014018 0.575367 0.145587
0.317601 0.607795 0.426221
-0.438795 -0.307490 0.842040
-0.662645 -0.303491 0.023653
0.630403 0.466635 0.948879
0.848876 0.149156 -0.421348
-0.452804 -0.881002 0.874205
0.199590 0.001611 0.481900
-0.011734 0.586062 0.060515
0.949322 0.100506 0.422527
-0.564443 0.413005 -0.775071
0.731019 -0.112163 0.424596
0.417294 0.530531 0.979885
-0.809631 0.784460 0.592271
0.977643 0.178976 0.844313
-0.780550 0.455375 -0.615178
0.507441 -0.972625 0.800649
0.483706 0.466544 0.695795
-0.743170 0.392544 0.447097
0.429589 -0.960085 0.146623
0.394866 0.226652 0.238959
0.708982 0.382055 -0.187770
0.919265 -0.997834 0.419342
-0.592415 -0.664427 -0.388453
0.854042 0.186118 0.346817
0.545215 0.570009 -0.051192
0.506326 -0.789150 0.363436
0.993254 -0.701753 0.556653
-0.974219 -0.301336 -0.536309
-0.275505 0.647344 -0.145435
0.045717 0.041520 -0.873717
0.190265 -0.931169 -0.700314
-0.867414 -0.367402 -0.189161
0.587080 -0.454834 0.768234
0.998020 -0.268909 -0.330186
0.315658 -0.064675 -0.205427
0.823612 0.670408 0.787694
0.225582 0.242492 0.964144
-0.740390 0.187289 0.900626
0.766380 0.752229 -0.304139
0.557677 0.388791 -0.640888
0.645113 -0.779375 0.670492
0.684998 -0.887335 0.632701
-0.481360 -0.664779 0.940518
-0.675914 0.057341 0.282417
-0.137762 -0.605566 0.525113
0.531701 0.198014 -0.122886
0.217656 0.630555 -0.987533
0.746991 -0.312153 0.486356
0.403353 0.854958 0.875572
-0.985665 -0.684716 -0.366793
-0.762626 0.558692 -0.092522
-0.783762 -0.321768 0.368717
-0.009806 -0.707891 -0.222620
0.603852 -0.973635 0.713630
0.233294 0.416615 -0.096341
0.026229 -0.844505 -0.962875
0.148130 -0.465871 -0.656998
-0.889073 -0.799270 0.089720
-0.573356 0.917230 -0.043816
0.923018 -0.899306 -0.677657
-0.718768 -0.829981 -0.895874
0.135529 -0.687705 0.289159
-0.537980 -0.065989 -0.037892
0.593809 -0.443271 -0.224343
-0.552381 0.541283 -0.684046
-0.169010 -0.604399 -0.468669
0.492949 0.579001 -0.175500
-0.643020 0.485668 -0.520324
-0.627360 -0.717880 -0.418788
-0.432700 0.527080 -0.476114
0.801513 -0.221737 -0.591315
0.277839 -0.698253 -0.534092
-0.932949 0.100363 0.238868
0.802526 -0.900510 0.462523
-0.302032 0.325624 0.002536
-0.017290 -0.750500 -0.877351
-0.116084 0.978128 -0.546800
-0.078557 0.428766 -0.448589
0.662914 -0.046957 -0.832219
0.087723 0.178060 0.412742
0.634350 0.975832 0.016189
-0.573349 -0.523055 -0.901779
0.283561 -0.175115 -0.626874
-0.776393 -0.433311 -0.223825
-0.382281 0.940915 0.178342
0.809268 -0.668560 -0.765349
0.156779 0.053545 -0.039309
-0.831935 -0.679411 0.636569
0.170376 0.771389 0.600518
0.675580 0.079724 -0.350901
0.179237 0.949123 0.982950
-0.360037 0.104024 -0.788673
0.094372 0.943787 -0.667462
0.634307 -0.486326 -0.201799
-0.377276 -0.301595 0.985564
-0.250161 -0.820099 -0.105407
0.841228 0.675180 0.787960
-0.066396 0.646160 -0.456537
-0.705379 0.522260 0.600341
-0.228522 0.002408 0.692345
-0.369556 0.320985 -0.027855
-0.347444 -0.183513 -0.759065
-0.159003 -0.022908 -0.594305
-0.536104 -0.704773 0.037586
-0.650643 -0.212057 0.837073
-0.975561 0.489062 0.571021
0.915813 0.552150 0.620554
-0.285812 0.351480 -0.828196
-0.995640 0.945564 -0.742033
-0.499034 -0.647539 0.017923
-0.195437 0.897733 -0.356816
-0.628888 0.108450 -0.501343
0.845977 0.939968 0.492440
0.503624 -0.432045 0.651154
0.394423 0.692190 0.164343
-0.807249 0.634030 0.709712
-0.898406 0.828741 -0.832951
0.651131 -0.366445 -0.225942
0.551528 -0.041213 0.863321
-0.280174 -0.064914 0.675628
-0.277622 0.514342 -0.572724
-0.942257 -0.858618 0.080666
0.541091 -0.248006 -0.382055
-0.938046 0.722652 0.617517
-0.655062 0.858376 -0.204559
0.292607 0.686522 0.042135
-0.642634 -0.341776 -0.240950
-0.087030 -0.941258 0.117782
0.100274 0.168258 -0.118706
0.568139 0.229465 0.385139
-0.548477 0.687186 0.813005
-0.633091 0.063876 0.954252
0.187773 -0.937967 0.118459
-0.192603 -0.187063 -0.464690
0.508286 -0.620417 -0.723473
-0.359621 -0.020569 -0.393811
0.911321 -0.890636 0.089806
-0.321391 0.531708 -0.214016
-0.509122 -0.148445 -0.758636
-0.751842 0.319281 -0.199071
0.112622 0.109867 0.380756
-0.084848 -0.457169 -0.474497
-0.905509 -0.639217 -0.342235
-0.437235 0.974460 0.369950
-0.088046 -0.552535 -0.431351
0.606998 -0.283289 0.905950
-0.253386 0.822799 0.699038
0.347556 0.199115 -0.009456
0.612566 -0.770117 -0.786796
-0.674996 0.657938 0.258536
-0.807866 0.095404 -0.391686
0.738874 -0.230220 0.341617
-0.055350 -0.285773 -0.781664
-0.338481 0.940347 -0.203851
0.229418 -0.861082 0.993160
0.193273 0.451427 0.751743
-0.907303 -0.288587 -0.788836
0.971287 -0.351531 -0.936906
-0.216830 0.758873 -0.620020
-0.074715 0.356414 -0.704134
0.143738 0.964836 0.657869
0.713779 -0.317271 -0.274566
0.699714 -0.672553 0.446311
-0.117742 -0.921859 0.030705
-0.545108 0.643778 -0.541547
-0.636569 -0.503397 0.754447
-0.596024 0.318917 0.248859
0.001649 -0.026252 -0.208802
0.179335 -0.684501 0.423910
-0.241724 0.592577 -0.573027
0.814832 -0.326529 0.609559
-0.753742 0.617637 -0.577670
-0.534262 0.289301 0.798836
-0.434025 -0.579675 -0.029200
-0.614383 0.973392 0.022413
0.955081 -0.254332 0.350907
0.297420 -0.052464 -0.280737
-0.427182 0.037030 0.295957
0.184813 0.959497 0.691917
-0.668474 -0.203673 0.409440
-0.056332 -0.582357 0.593486
0.220056 0.024970 -0.038665
-0.932103 -0.363978 -0.081545
0.657622 0.641167 -0.946192
0.423434 -0.790801 0.248662
0.544434 0.830959 0.920523
0.511128 0.262424 -0.603212
0.234583 0.372433 0.647766
0.954482 0.536513 0.758959
0.791210 0.980957 0.443177
0.957037 -0.739955 0.263775
-0.784685 -0.775736 -0.319558
-0.000094 0.542945 0.375684
0.556100 0.449371 -0.843756
-0.810942 -0.723413 0.304009
-0.970841 -0.604826 -0.753235
-0.897837 -0.397124 -0.056123
-0.158456 -0.993540 -0.081825
-0.894804 -0.750444 0.561958
0.914821 -0.882354 -0.958793
0.171199 0.576555 0.333863
-0.824272 0.820890 0.888384
0.765366 -0.457624 -0.661061
0.418884 0.527526 -0.008829
-0.471054 0.267346 -0.217130
-0.174094 0.990275 -0.240018
0.697177 0.688213 -0.950261
-0.992255 -0.417483 0.045956
-0.540935 -0.804075 0.948467
-0.494338 0.201372 0.218187
-0.100780 0.013766 -0.401887
0.222962 -0.478731 -0.488511
0.734128 0.478501 -0.396352
-0.398881 -0.997806 0.324811
-0.298084 0.896706 -0.521500
0.836645 -0.834682 0.506247
-0.005136 -0.733105 0.802271
0.132251 -0.195254 0.200919
-0.275474 0.962611 0.891654
0.854981 -0.141598 -0.461267
-0.170301 0.100721 0.391589
-0.620895 -0.154592 -0.902429
0.172511 0.618186 0.003246
0.060877 -0.901799 0.015849
-0.608996 -0.941546 0.025237
0.539299 -0.264991 0.179353
-0.004899 -0.838414 -0.948413
0.909429 0.268642 -0.548426
0.624539 -0.790704 -0.840823
0.999534 -0.895447 0.391288
-0.697744 -0.141871 0.988357
-0.046743 -0.806991 0.715519
0.972912 -0.753934 -0.670978
0.709716 0.113381 0.262016
0.709247 0.175915 0.091360
0.444131 -0.577936 -0.589373
-0.336623 -0.792187 -0.891694
-0.336598 0.572769 0.754100
-0.253599 0.245008 -0.736283
0.877902 0.167757 0.281718
0.880872 0.945946 0.421886
0.834949 0.664854 -0.036523
0.446492 -0.437606 -0.824158
0.267541 -0.934434 0.704127
-0.499306 0.443458 -0.555495
0.903697 0.030854 -0.095323
0.156270 0.286938 -0.792817
-0.422348 -0.543795 -0.368850
0.213861 -0.454634 -0.951688
-0.822134 -0.120316 -0.304649
0.458318 -0.861817 0.610150
0.736223 -0.644817 -0.797224
-0.694332 0.902407 -0.278612
-0.022005 0.566536 -0.166280
0.632289 0.004388 0.715852
0.171378 0.367353 0.751134
0.565109 -0.178266 0.788001
-0.207540 -0.414720 0.641805
0.077106 0.686120 0.750240
-0.933118 -0.638552 -0.901716
0.877971 -0.587248 -0.031206
0.291357 -0.906804 0.459519
-0.414242 0.500644 -0.301370
-0.577391 -0.748935 -0.439668
-0.817121 0.326426 0.301950
0.466236 0.009902 0.642712
0.588325 0.587310 -0.713542
-0.540486 -0.061798 0.740352
-0.759694 0.977718 0.750138
-0.034301 0.746643 0.239400
0.388449 0.120203 0.304579
-0.521190 0.385504 0.135696
-0.235583 0.733668 0.020468
0.823970 -0.503259 0.802386
-0.929198 -0.955406 -0.458746
0.063147 -0.995497 0.349980
-0.696082 -0.321855 -0.957382
-0.079953 -0.693433 0.265698
-0.258786 0.373537 -0.259938
-0.887399 -0.085393 0.108859
-0.386674 0.870122 0.036093
-0.718134 0.818558 0.891060
0.481663 -0.951298 -0.774449
-0.301559 0.045116 -0.549304
0.338895 0.930103 0.050874
-0.530697 -0.729499 0.463038
-0.292644 -0.750707 0.802552
0.034842 -0.109328 -0.784522
-0.794573 0.489440 0.938547
0.600094 0.758092 0.350715
-0.573270 -0.315598 0.533246
-0.771851 -0.439492 -0.295288
-0.126685 -0.428686 0.359826
0.832068 -0.424156 -0.460700
-0.135956 -0.747386 -0.528637
0.458776 0.241534 0.205887
-0.492029 -0.099949 0.715483
-0.841474 -0.375196 0.392222
-0.236911 0.556476 0.861314
-0.733376 -0.245008 0.672028
0.191982 0.884884 -0.022615
-0.046110 -0.270670 -0.694023
-0.968734 0.701773 -0.830021
0.625003 0.892908 -0.588361
0.982590 -0.465422 -0.162848
-0.995241 -0.227835 0.121839
0.477390 -0.426714 0.991183
0.804790 -0.172359 0.730855
-0.256705 0.010608 -0.382899
0.785506 -0.247584 0.682858
-0.720208 -0.172563 0.981557
0.417774 -0.467709 0.519328
-0.068505 -0.723680 -0.696925
-0.468853 0.063073 -0.756857
0.523609 0.818194 0.149358
0.171939 0.592663 0.052158
-0.581180 -0.745591 -0.844258
0.953033 -0.576904 -0.860878
-0.990877 -0.979084 -0.274856
0.842161 -0.030531 -0.421301
-0.060824 -0.941955 0.699773
-0.432585 0.276367 0.321455
0.697746 -0.607560 -0.391909
0.493645 -0.286425 -0.744843
0.390310 -0.387873 -0.236905
0.839891 -0.777816 0.969832
-0.153159 -0.705533 -0.329731
0.169506 -0.751016 -0.508063
-0.763037 -0.597921 -0.842127
0.125720 -0.334601 -0.207972
0.145150 0.841865 0.758115
0.247323 0.721491 -0.384293
-0.780324 0.453712 0.410140
-0.264411 -0.991127 -0.472011
-0.712964 0.931601 0.797911
-0.809547 0.024526 0.179998
-0.072646 0.272708 0.467617
0.120183 -0.958415 0.931237
-0.199239 0.127950 -0.156594
0.623882 -0.333671 0.975208
-0.834090 -0.361318 -0.585752
-0.719169 -0.289479 -0.725976
0.360305 0.512392 0.086533
-0.855725 -0.750938 -0.336439
-0.276204 0.712666 0.007105
-0.336890 0.766766 -0.621855
-0.043434 0.226865 -0.564649
-0.790289 0.513080 -0.750659
0.798630 -0.080635 0.675629
0.832590 0.167608 -0.323164
-0.496968 -0.713686 0.252147
-0.032515 0.311989 0.882381
0.737586 -0.952171 0.734130
-0.102767 0.263295 0.279988
0.305245 0.098586 0.984877
-0.555582 0.363161 -0.361439
-0.421693 -0.529942 -0.775556
-0.006645 0.806554 -0.501942
0.529172 -0.824905 0.688726
-0.510554 0.254623 0.933654
0.442113 0.245853 0.184626
-0.600285 -0.240921 -0.925734
-0.172765 -0.188163 -0.263334
-0.553494 0.060071 0.553696
0.586260 -0.464342 0.093602
0.729316 0.862354 0.245769
-0.071280 -0.004773 0.724866
-0.328887 0.783805 0.770275
-0.212466 -0.889276 0.307409
-0.433763 -0.038167 -0.854224
0.123611 -0.492659 0.481798
-0.987754 0.695298 -0.383541
-0.781887 0.802371 0.715097
0.365570 -0.473174 0.461101
-0.105075 -0.204090 -0.806023
-0.870325 0.062354 0.534418
-0.648942 -0.237439 0.849759
-0.240950 -0.563549 -0.358528
0.286222 0.348344 -0.705798
0.494115 0.285366 -0.599130
0.816845 -0.902417 -0.862647
0.088498 0.505597 -0.667828
0.509868 0.032642 0.591951
-0.077943 0.902523 0.050989
-0.068084 0.647893 -0.594426
-0.704842 -0.888209 0.542584
-0.164444 -0.255677 0.464374
-0.837935 -0.433699 0.950016
0.524439 0.181940 -0.899061
0.232378 0.638519 -0.593319
0.863817 0.447984 -0.203032
0.632981 0.530299 -0.952945
-0.627740 -0.123641 0.136784
0.810445 0.094801 -0.510046
-0.880680 0.749422 -0.854797
0.152023 -0.721500 -0.010441
0.669386 0.711344 -0.261191
0.118589 0.654340 0.917084
0.506122 -0.048456 -0.645087
-0.157248 -0.408286 -0.371752
0.057924 0.083206 0.176614
0.684343 0.756578 -0.414860
0.976208 0.284004 0.721066
0.987619 -0.005142 -0.094714
0.532782 -0.888709 -0.932881
0.945995 0.452361 0.406130
-0.187329 0.303816 0.710713
0.631249 0.718990 0.927003
-0.368853 -0.078734 0.941738
-0.498494 0.221327 0.377206
0.600039 -0.886541 -0.552126
-0.798052 -0.877498 -0.139287
0.173403 0.566478 -0.759796
0.505890 -0.225266 -0.319723
-0.269691 -0.902441 0.377332
0.848575 -0.575049 0.537187
0.366004 -0.954565 -0.097042
-0.292031 0.896092 0.815584
0.201486 -0.506950 -0.551580
0.876878 -0.487846 0.370563
0.486742 0.683763 -0.829877
-0.613163 0.581487 0.658356
-0.642652 0.711618 -0.903203
-0.115184 -0.027305 -0.805816
-0.601699 -0.444246 -0.860166
0.901767 -0.749940 0.452733
0.502591 0.255462 0.320686
0.056599 0.508600 0.586839
-0.658132 -0.449527 -0.642986
0.174161 -0.741246 0.268255
-0.634057 0.799978 -0.614461
0.384069 -0.094879 -0.910419
0.414640 -0.430926 0.983762
0.895389 -0.950605 0.631901
0.468277 -0.692541 0.034456
-0.852271 0.105657 0.712627
-0.026590 0.094443 -0.787767
-0.724364 -0.233004 0.494682
0.737396 -0.783474 -0.690398
0.931155 0.853778 0.499597
0.852771 0.067814 0.868929
0.731909 -0.005619 0.168046
-0.170644 -0.156182 0.462950
0.608123 -0.321112 -0.880270
0.896072 -0.185510 0.198091
-0.916206 0.197600 -0.378369
-0.132385 -0.702648 0.266760
-0.889652 0.003975 -0.534431
-0.522489 -0.994104 0.604390
-0.309916 0.951114 0.301604
0.313411 -0.296040 -0.718337
0.751639 0.601239 -0.594746
-0.662575 0.296243 0.617209
-0.994606 -0.678136 0.395752
0.356538 -0.714818 0.925063
-0.255604 -0.563215 0.690808
-0.868152 0.515455 0.679878
0.829604 0.017203 -0.717210
-0.381047 -0.983714 0.466551
-0.980939 0.301800 -0.860525
0.870176 0.331968 -0.533047
-0.443681 -0.684012 0.299981
-0.136373 -0.342532 -0.781940
-0.424589 -0.046480 -0.904778
-0.187604 -0.874730 -0.031029
-0.065832 0.819940 0.834594
-0.205841 -0.316448 0.994977
-0.078565 0.916411 -0.823970
-0.957287 0.814856 -0.654647
-0.630396 0.942391 0.635602
0.086002 0.091802 -0.228418
-0.454474 -0.958144 -0.070124
0.699937 -0.822713 -0.076793
-0.588812 -0.608973 0.344485
-0.815548 0.734179 0.460097
-0.036964 -0.338615 -0.977510
-0.351550 -0.795162 -0.022500
-0.732841 0.434290 -0.457149
-0.147248 0.642034 -0.730206
0.476937 -0.014843 -0.343647
-0.980235 -0.447901 -0.470845
-0.059080 0.311025 -0.489636
0.084912 0.505016 -0.426852
0.806174 0.640283 0.096938
-0.543958 -0.945445 0.326947
0.289690 -0.968121 0.839023
0.180915 -0.456592 -0.410367
0.564232 -0.876852 0.742365
-0.980142 0.433823 -0.115656
-0.056585 -0.268681 -0.585975
0.767960 0.491808 -0.377020
0.201155 -0.990547 0.699465
0.817279 0.669794 -0.095209
0.093571 -0.105307 -0.877815
0.485017 -0.814062 -0.944493
-0.845707 -0.642158 0.594087
0.704290 0.530934 -0.708805
-0.611226 0.653874 0.655127
0.329964 -0.949310 0.804015
0.697435 0.677913 0.691201
0.339705 0.651195 -0.423517
-0.295258 -0.240090 -0.808006
-0.367153 -0.154709 -0.887901
-0.523245 -0.845235 -0.337126
-0.049909 -0.907309 -0.705606
0.725053 -0.366705 0.989454
0.979164 0.476298 -0.871133
-0.397884 0.242967 -0.818376
0.545766 -0.634135 -0.711719
-0.251734 -0.406880 0.051093
0.502468 -0.328648 0.014836
0.434924 0.328604 0.040770
-0.211538 0.489845 0.984934
-0.125499 -0.130248 0.428755
-0.762190 0.879600 -0.549065
0.252048 -0.389038 -0.209994
-0.072459 0.504349 0.797055
-0.693097 -0.627966 -0.848272
-0.850283 0.085932 -0.745348
-0.310742 0.679136 0.892598
-0.576152 -0.394143 -0.263895
0.694568 0.053158 -0.434336
0.099782 0.347204 0.364037
-0.565305 0.111267 -0.412043
0.882472 0.309705 -0.902983
-0.577406 -0.131495 0.685056
0.240088 -0.534480 -0.792285
0.320522 0.439591 -0.492534
-0.718744 -0.608733 -0.650028
-0.226585 -0.376923 0.673513
-0.602928 0.567979 -0.412264
-0.848439 0.712410 0.434424
0.139295 0.688734 -0.618211
0.716057 -0.228251 0.058463
0.998790 -0.261945 0.509306
0.258891 0.354105 0.236774
-0.802367 -0.437056 0.605696
0.377986 -0.874355 -0.941772
-0.163742 0.086675 0.864410
0.578450 -0.058611 0.651211
-0.996368 0.001987 0.620415
0.763684 0.786222 -0.865427
0.553923 0.770435 -0.039673
0.893761 0.157504 -0.425152
-0.956855 0.442812 -0.274385
0.282026 0.890849 0.083636
0.166529 0.029029 -0.805572
0.395094 -0.687812 0.508229
0.524129 0.536952 0.204290
0.477464 0.759347 -0.270994
0.858292 0.039936 0.903192
0.977118 0.178977 -0.361154
0.186534 -0.949063 -0.325236
-0.838708 0.655656 0.486280
0.649851 -0.059153 -0.687650
-0.054867 0.489158 -0.228537
-0.179466 -0.176433 0.832038
-0.007261 0.412057 0.863081
-0.026976 0.933200 -0.909502
-0.085663 -0.541202 0.548267
-0.816765 -0.417428 0.390775
-0.994847 0.875195 0.637502
-0.920939 -0.413955 -0.038064
-0.848388 0.809536 0.194830
-0.185172 -0.869414 0.055877
0.143339 -0.059065 0.579962
0.636749 -0.945310 0.805431
-0.878271 0.426978 0.433154
-0.196437 -0.897957 0.019437
0.040661 0.162675 0.183164
0.247098 0.997503 -0.623620
0.924362 0.896376 0.076419
-0.353773 0.176831 -0.307736
-0.064197 0.217856 0.110566
0.569048 -0.271788 -0.733638
-0.868329 -0.235751 -0.342065
-0.245182 0.695880 -0.523745
-0.675331 0.574837 -0.477273
0.019729 0.493521 -0.181625
-0.642878 0.692489 0.769965
-0.759382 0.075090 0.230326
-0.829818 0.675284 0.777960
0.630471 -0.370264 -0.796128
0.727120 -0.807141 0.112204
-0.453519 0.848912 0.037268
-0.402719 -0.758020 0.090452
0.993494 0.512404 0.279901
-0.577799 -0.556727 0.446364
0.909181 0.284589 0.904976
-0.402435 0.214884 -0.648909
-0.721849 0.977115 -0.565818
0.239305 -0.515166 0.112901
0.009120 -0.006730 -0.419512
-0.501081 0.785552 0.159840
0.398474 -0.454681 -0.623979
-0.767762 -0.769378 -0.500297
0.080542 0.347235 0.105713
-0.523606 -0.205018 0.795189
-0.776171 -0.200373 0.964671
-0.324900 -0.565870 -0.979372
-0.343944 -0.929289 -0.951128
-0.803399 -0.885416 0.577767
-0.525705 0.676022 0.330466
-0.197057 0.484135 0.965549
-0.108420 -0.479739 0.633343
-0.893542 -0.731239 -0.887538
-0.778245 0.130468 0.042678
0.893044 0.994313 0.611493
-0.898323 0.583337 0.311142
0.447288 0.756709 -0.916781
0.505415 -0.807450 0.387255
-0.835289 -0.245989 0.724783
0.173411 0.495497 0.648302
0.027365 -0.820236 -0.732297
-0.156103 0.821421 0.508463
0.986082 -0.384908 -0.822539
-0.677531 0.694273 0.476491
0.582951 0.543145 0.249668
0.808433 -0.096381 0.919940
0.520586 -0.446654 0.783447
-0.082453 -0.758470 0.535835
-0.842270 0.061867 -0.692604
-0.456156 -0.957968 -0.399497
0.696977 -0.372911 0.199215
-0.254584 -0.517797 0.154721
-0.252160 -0.816800 0.948136
0.746066 0.449057 0.881815
-0.506078 0.776991 -0.853817
0.525730 0.068442 -0.629521
0.786477 -0.751230 0.416595
-0.428230 0.487780 0.938905
-0.662956 -0.348065 -0.917321
0.644284 -0.153296 -0.285109
-0.861875 -0.303388 -0.909175
0.923947 -0.510553 -0.726531
-0.578620 -0.481088 -0.797061
0.993813 0.722673 0.935686
0.806627 0.297995 0.683542
-0.585649 -0.635775 0.508320
0.574205 -0.906303 0.483920
-0.502546 -0.082368 0.323201
0.461529 -0.066184 -0.127482
0.573496 -0.738363 -0.983063
-0.534446 0.060542 0.361195
0.372162 0.183339 0.640020
-0.291416 -0.117684 -0.468204
-0.796858 -0.786653 -0.316176
-0.684037 -0.043151 0.537430
-0.431914 0.630765 0.264826
-0.141962 0.540876 -0.002801
0.193672 0.830930 0.680431
0.562110 0.821587 -0.290207
0.694360 -0.170365 0.589314
-0.610333 -0.706595 0.218137
-0.410393 0.045951 -0.256237
0.715300 0.367633 -0.813475
0.523720 0.364012 -0.368137
0.375715 0.434589 0.230153
0.564472 -0.481451 0.527000
-0.736614 -0.972135 0.746630
-0.431050 0.039355 0.453987
0.069464 -0.749382 -0.932092
0.308619 0.806123 -0.540369
0.935468 0.092893 0.051913
-0.888968 0.797431 -0.643469
-0.172461 0.755430 -0.552435
-0.668219 -0.373857 0.231833
-0.990079 -0.615977 -0.153097
0.622878 0.079882 0.041275
0.321591 0.976151 -0.896192
0.006320 0.007013 0.948853
-0.566393 0.339797 0.096674
0.128146 0.010799 -0.858578
0.300666 -0.254760 -0.991037
0.170463 -0.983841 -0.944693
-0.739923 0.395593 0.102865
-0.404432 0.790662 -0.751184
0.331567 -0.418948 0.156273
-0.192959 0.012989 0.681094
0.431008 -0.455469 0.502496
0.354799 -0.313199 -0.729321
-0.160061 -0.948862 -0.227877
0.216912 -0.934036 -0.464011
-0.638503 0.154284 -0.148312
0.458398 0.013765 -0.555930
0.825879 -0.443637 -0.132919
-0.255756 -0.279487 -0.938434
-0.656952 -0.231597 -0.758467
0.444640 -0.621577 -0.250630
0.598129 -0.534212 -0.994156
-0.553574 0.314711 0.516588
-0.166278 0.496274 -0.629974
-0.425265 -0.973823 -0.837932
0.411198 -0.408041 0.740523
0.546088 -0.228092 -0.603110
0.375828 -0.107044 0.134510
-0.033653 0.106024 -0.570965
-0.890800 0.875062 -0.720587
-0.264423 -0.923998 0.392984
0.246062 0.964696 -0.224277
-0.891626 0.878859 -0.143883
-0.283667 -0.656553 0.048723
-0.367158 0.954536 -0.873707
0.189964 -0.383390 -0.872729
0.901224 0.048119 -0.055375
-0.663416 -0.683341 -0.975457
0.499391 0.991735 0.094071
0.606592 0.431849 0.708952
0.939541 -0.527129 -0.165177
-0.175103 -0.897037 -0.360273
0.307794 0.378097 -0.891272
0.269763 0.639926 -0.089160
0.154948 -0.083204 0.009430
-0.845681 -0.774645 -0.817813
-0.701456 -0.358409 0.993691
-0.352206 -0.486878 -0.820674
-0.795027 0.939903 -0.977090
-0.607100 0.894229 0.493459
0.869599 0.913272 -0.399110
0.847631 -0.553949 0.916025
0.377937 -0.157025 0.410890
0.161770 0.773477 0.816681
0.539413 -0.292938 -0.144382
0.428206 0.160964 0.678309
-0.795525 -0.844960 0.288818
0.209888 0.066443 -0.085129
-0.075021 -0.822826 -0.401971
-0.763341 0.169502 -0.236119
0.290120 0.785883 0.228441
0.557772 0.349841 0.882124
0.559170 -0.141582 -0.997977
-0.576423 -0.357136 0.767537
-0.023330 -0.624856 -0.654300
0.630655 -0.376971 0.035929
-0.785277 -0.176514 -0.275575
-0.469325 -0.186621 -0.111546
-0.056620 -0.192768 0.443961
-0.281757 -0.126014 -0.933382
0.742032 -0.292410 0.943631
0.856879 -0.316684 0.699941
0.044631 0.545193 -0.183335
-0.722523 0.475696 0.731602
-0.015120 -0.106456 0.073476
-0.122287 -0.664759 0.869055
0.656361 0.361213 0.310563
0.715668 0.283178 -0.258335
0.373766 0.341186 0.014088
0.319661 -0.271534 0.405556
-0.376967 0.311302 -0.011731
0.707749 0.142852 -0.157802
0.348279 0.006006 -0.896985
0.881000 -0.595142 -0.736148
-0.247791 -0.899808 -0.221866
-0.315699 -0.942878 0.522858
-0.324713 0.441066 0.134563
0.630171 -0.470724 0.098813
-0.662340 0.243695 -0.098535
0.542781 -0.289666 0.343663
0.748535 0.294015 0.186010
-0.948592 -0.100063 0.754777
0.552813 -0.311548 0.058928
0.546399 0.262643 -0.654192
0.472009 -0.709092 0.885955
-0.199726 -0.909430 0.237798
-0.763885 0.492902 0.148548
0.457459 0.656514 0.469538
-0.820966 -0.063691 -0.447392
0.338379 -0.961459 -0.908281
-0.105906 0.284408 0.282633
0.113890 -0.012346 0.333843
-0.432783 0.752549 0.179618
0.685231 0.194524 -0.556472
-0.417984 -0.882119 -0.254169
-0.447586 0.297003 -0.460263
-0.643868 0.163592 -0.631045
-0.123402 -0.989705 -0.943637
-0.079340 -0.829892 -0.493720
0.962688 -0.734693 0.264045
0.349179 -0.372529 0.738411
-0.528472 0.693291 0.378699
-0.548884 -0.838991 -0.518481
0.915995 0.862987 -0.967833
0.176001 0.651675 -0.923566
0.432156 -0.295065 -0.000244
-0.586358 0.723645 -0.743481
-0.336314 -0.746895 0.728473
0.599672 -0.500122 0.635715
0.604417 0.849276 0.834982
0.916657 0.247373 -0.827092
-0.318121 -0.849496 -0.701625
-0.831461 -0.902429 -0.993015
-0.181045 -0.925778 0.979391
0.635078 -0.673295 0.926859
-0.430581 -0.998112 0.743008
-0.014153 0.894796 -0.698624
-0.913644 -0.270226 0.405965
-0.228042 0.276767 -0.775940
0.822939 -0.097174 0.425392
0.366041 0.270723 -0.433826
0.188070 0.028145 -0.586011
-0.950164 0.272064 -0.421827
0.660463 0.875968 0.064937
0.892815 -0.421885 -0.734813
-0.445517 0.150154 -0.391676
-0.814278 -0.942092 0.979609
0.212653 -0.509637 -0.256742
0.373928 0.179669 -0.738475
-0.326479 -0.315835 0.567797
0.623796 0.399485 -0.220087
-0.668150 0.041002 -0.930246
-0.552720 -0.426403 0.333425
-0.211218 0.037260 0.837749
-0.570652 0.042050 0.320771
-0.057498 -0.279175 -0.144851
-0.080779 -0.079565 0.445929
0.787360 0.822090 -0.571711
-0.388873 -0.998833 0.150101
0.378241 -0.706155 0.056876
0.126565 0.705568 0.755413
-0.134983 0.916254 -0.799919
-0.170500 -0.766707 -0.703833
-0.507500 0.662295 0.083061
-0.591717 0.069182 0.502374
0.536200 -0.378046 0.530764
0.102874 0.592028 0.029337
0.708644 0.058124 0.723796
0.941495 0.888788 -0.732053
-0.380647 0.965177 0.368542
-0.858168 -0.145496 0.311230
0.691368 -0.901204 -0.221462
0.727161 -0.197421 0.461801
-0.907821 -0.720081 0.466444
-0.673709 -0.418157 0.960016
-0.148249 -0.721794 -0.134883
-0.661107 -0.961058 -0.827114
0.838554 -0.619463 -0.510903
0.114814 -0.630428 0.283210
-0.123273 -0.396742 0.167511
-0.216389 0.267552 0.317726
-0.796052 -0.365874 -0.558029
0.784106 0.303176 0.628443
-0.980311 0.486275 0.435191
-0.296304 -0.720467 -0.839247
-0.454594 0.202901 0.083635
-0.497841 -0.880752 0.489680
-0.266676 0.837800 0.831060
0.504276 0.880425 0.594994
0.685514 -0.553907 -0.055255
0.115278 0.915916 -0.838599
0.127807 -0.946183 -0.852182
0.725239 -0.616790 0.209686
-0.409966 0.751410 0.617021
0.306871 -0.854462 -0.932052
0.355960 0.225121 -0.611934
-0.383450 -0.611356 -0.374425
0.684427 -0.692627 0.816155
-0.048529 0.950033 -0.406620
0.897891 -0.633299 0.075820
0.617247 -0.599682 0.771407
-0.943415 -0.341480 0.530958
-0.888775 0.794895 0.371861
-0.729516 -0.649739 0.755617
0.586911 -0.575338 0.917442
-0.715214 0.354543 0.825237
-0.480448 -0.215588 -0.269188
-0.455167 -0.665730 -0.691648
0.212582 0.843551 0.485528
