0.533783 -0.975122 0.000000
0.018712 -0.240390 0.000000
-0.445130 0.035170 0.000000
0.060135 0.652688 0.000000
0.728024 0.890516 0.000000
0.876732 0.948765 0.000000
-0.433412 -0.810992 0.000000
-0.674225 0.651845 0.000000
-0.889802 0.359146 0.000000
-0.562176 -0.828521 0.000000
-0.901490 0.730728 0.000000
0.077140 0.543017 0.000000
-0.539359 -0.733226 0.000000
0.935670 0.985819 0.000000
0.295581 0.461261 0.000000
0.315871 0.337237 0.000000
-0.460815 0.375785 0.000000
-0.640191 -0.087298 0.000000
0.923779 0.322720 0.000000
-0.911683 -0.396482 0.000000
0.188970 -0.703772 0.000000
0.915280 0.606216 0.000000
-0.003797 0.765452 0.000000
0.666797 -0.953887 0.000000
-0.745630 -0.922985 0.000000
-0.817055 -0.178166 0.000000
0.469899 -0.906783 0.000000
0.587516 0.018427 0.000000
-0.786745 0.470665 0.000000
0.187125 -0.282646 0.000000
-0.231932 -0.431268 0.000000
0.217216 -0.257878 0.000000
0.664570 0.715371 0.000000
0.744193 -0.764798 0.000000
0.101702 0.206103 0.000000
0.097669 -0.737333 0.000000
0.013729 0.659091 0.000000
-0.695336 -0.096204 0.000000
-0.333928 -0.692410 0.000000
0.461061 0.453440 0.000000
0.586612 0.993221 0.000000
-0.375722 0.614832 0.000000
0.345254 -0.955595 0.000000
-0.041365 0.154496 0.000000
-0.060540 -0.436572 0.000000
-0.952155 0.789589 0.000000
0.606703 0.433470 0.000000
0.557830 0.562307 0.000000
0.399974 0.040288 0.000000
-0.366218 -0.450829 0.000000
0.773724 0.497222 0.000000
0.890517 -0.857750 0.000000
-0.301236 0.300500 0.000000
-0.616006 0.317731 0.000000
0.169360 0.716241 0.000000
0.467968 0.381279 0.000000
-0.072847 0.274035 0.000000
-0.129352 0.522852 0.000000
-0.144145 0.019284 0.000000
-0.155972 0.509974 0.000000
0.956106 0.054539 0.000000
-0.291924 0.753722 0.000000
0.765168 -0.441447 0.000000
0.958013 0.289537 0.000000
-0.191759 0.885169 0.000000
-0.479361 0.100736 0.000000
0.183034 0.941662 0.000000
-0.247264 -0.932493 0.000000
0.190402 -0.042436 0.000000
-0.981117 -0.534364 0.000000
0.803498 0.990197 0.000000
0.483211 0.874709 0.000000
0.740240 -0.238264 0.000000
0.290692 -0.394562 0.000000
0.912846 0.900038 0.000000
0.305226 -0.893553 0.000000
0.107886 0.486375 0.000000
-0.112002 0.534285 0.000000
0.107514 0.040584 0.000000
0.274478 0.808463 0.000000
0.891122 0.449899 0.000000
0.726467 -0.682921 0.000000
-0.884688 -0.857829 0.000000
-0.654215 0.944054 0.000000
-0.465245 -0.468809 0.000000
0.446859 0.832653 0.000000
-0.218297 -0.072166 0.000000
-0.535893 0.264125 0.000000
0.329622 0.700204 0.000000
0.514905 0.623575 0.000000
-0.429432 -0.853993 0.000000
-0.894430 -0.412535 0.000000
-0.321205 -0.410135 0.000000
-0.351068 0.199841 0.000000
-0.737314 0.005966 0.000000
0.751183 -0.775395 0.000000
0.271832 -0.455859 0.000000
0.230236 -0.119503 0.000000
0.635575 -0.385698 0.000000
0.851753 -0.255616 0.000000
0.765549 -0.270801 0.000000
0.949949 -0.693844 0.000000
0.750204 0.636178 0.000000
-0.144862 0.236157 0.000000
-0.043966 -0.167238 0.000000
-0.933394 -0.466274 0.000000
0.994199 -0.964809 0.000000
0.137285 -0.350857 0.000000
-0.353430 0.040612 0.000000
-0.387549 -0.472421 0.000000
-0.643059 -0.599548 0.000000
0.115092 0.401396 0.000000
0.592011 0.352152 0.000000
-0.259012 0.222248 0.000000
0.889943 0.538349 0.000000
-0.619407 -0.413208 0.000000
-0.581414 0.185255 0.000000
-0.117792 -0.741245 0.000000
-0.517215 0.165240 0.000000
-0.311880 0.614829 0.000000
0.912376 -0.929998 0.000000
0.057148 0.782027 0.000000
0.682974 -0.732771 0.000000
0.337177 -0.350130 0.000000
0.752958 0.913629 0.000000
0.005092 -0.474502 0.000000
-0.092464 -0.290584 0.000000
-0.291211 -0.568759 0.000000
-0.530375 0.562284 0.000000
-0.247345 0.696805 0.000000
-0.712125 -0.804758 0.000000
0.956644 -0.911766 0.000000
0.265314 -0.170339 0.000000
-0.003480 -0.319431 0.000000
0.097065 -0.593909 0.000000
-0.997268 0.254456 0.000000
0.410831 -0.052955 0.000000
-0.410437 0.754343 0.000000
0.609312 0.469495 0.000000
0.673555 -0.078081 0.000000
-0.585463 -0.447037 0.000000
-0.700959 -0.575846 0.000000
0.362116 0.670079 0.000000
0.806368 0.967539 0.000000
0.155574 0.534141 0.000000
0.267637 0.958951 0.000000
-0.958115 -0.228135 0.000000
0.664123 0.937466 0.000000
0.918208 0.656204 0.000000
0.644129 -0.876378 0.000000
0.094997 0.561708 0.000000
0.428628 0.596210 0.000000
-0.390463 -0.801058 0.000000
-0.294093 0.875528 0.000000
0.397384 -0.295361 0.000000
0.467394 0.459083 0.000000
-0.908114 -0.030322 0.000000
0.348454 -0.809906 0.000000
-0.047918 -0.032005 0.000000
0.702744 0.313452 0.000000
0.084888 -0.503456 0.000000
0.716695 0.398101 0.000000
0.253172 0.408179 0.000000
0.575140 0.698307 0.000000
-0.170772 0.445983 0.000000
0.481366 -0.611801 0.000000
-0.190842 -0.038466 0.000000
-0.459336 0.885029 0.000000
-0.109352 0.311364 0.000000
-0.726049 -0.842422 0.000000
-0.090508 0.245803 0.000000
0.083248 0.689489 0.000000
0.299685 -0.448851 0.000000
-0.429382 0.159317 0.000000
-0.485131 -0.747948 0.000000
0.671678 -0.118794 0.000000
-0.665851 0.098986 0.000000
-0.753283 0.864089 0.000000
-0.431906 0.397336 0.000000
0.825516 0.875949 0.000000
-0.974405 0.641036 0.000000
-0.378970 -0.545145 0.000000
0.978992 -0.522493 0.000000
-0.488873 -0.885246 0.000000
-0.614476 -0.205738 0.000000
0.732245 -0.826821 0.000000
-0.303291 0.460681 0.000000
0.265581 -0.198149 0.000000
0.306157 -0.268714 0.000000
-0.327395 -0.866705 0.000000
0.595500 -0.512812 0.000000
-0.543815 -0.739295 0.000000
0.783423 0.984302 0.000000
-0.859552 -0.562109 0.000000
-0.775700 0.764042 0.000000
-0.971969 -0.183751 0.000000
-0.882791 -0.781864 0.000000
0.589372 0.924984 0.000000
0.109336 -0.015669 0.000000
0.936315 -0.349051 0.000000
-0.082308 -0.380934 0.000000
-0.888654 0.274294 0.000000
0.919375 0.254139 0.000000
0.383021 -0.194388 0.000000
0.764901 0.563129 0.000000
0.894374 -0.424916 0.000000
-0.021196 0.894977 0.000000
0.269630 -0.352426 0.000000
-0.466771 -0.317124 0.000000
-0.360267 -0.223286 0.000000
0.534031 -0.568575 0.000000
0.165942 0.380316 0.000000
0.256415 0.443484 0.000000
-0.764400 0.078449 0.000000
-0.529600 0.184803 0.000000
0.889798 -0.012403 0.000000
-0.121142 0.784527 0.000000
0.193109 0.326671 0.000000
0.936798 -0.657033 0.000000
0.986251 0.406139 0.000000
0.269859 0.848162 0.000000
-0.445685 -0.997350 0.000000
-0.057280 0.029484 0.000000
0.630085 0.941057 0.000000
0.796232 0.878009 0.000000
-0.143493 0.767683 0.000000
0.279021 -0.493790 0.000000
-0.344387 0.324814 0.000000
0.215985 -0.178244 0.000000
-0.586016 0.006953 0.000000
-0.380850 0.864585 0.000000
-0.194723 0.916891 0.000000
0.116147 -0.112710 0.000000
-0.509344 0.473262 0.000000
-0.823279 -0.395510 0.000000
-0.087794 0.955588 0.000000
0.349557 0.704895 0.000000
-0.498410 0.905122 0.000000
-0.570747 -0.282824 0.000000
-0.259560 0.680033 0.000000
-0.968281 -0.612676 0.000000
-0.316573 -0.484088 0.000000
0.081629 -0.829402 0.000000
0.073389 -0.880483 0.000000
0.096981 0.195228 0.000000
0.687233 0.537766 0.000000
0.073691 -0.207919 0.000000
-0.151816 0.149572 0.000000
-0.901249 0.588245 0.000000
-0.572994 0.095574 0.000000
0.012033 0.876014 0.000000
0.909259 0.141190 0.000000
-0.331363 -0.402897 0.000000
0.099082 -0.980724 0.000000
-0.550952 -0.574737 0.000000
-0.975042 -0.205362 0.000000
0.835647 -0.171309 0.000000
-0.096559 0.821432 0.000000
0.176527 0.230990 0.000000
0.058704 0.859478 0.000000
-0.543833 -0.873327 0.000000
-0.494332 -0.281665 0.000000
-0.089704 0.058510 0.000000
-0.662715 -0.078345 0.000000
0.668717 -0.764130 0.000000
0.011148 -0.209942 0.000000
0.201162 0.418478 0.000000
-0.973633 0.630124 0.000000
-0.426012 -0.878138 0.000000
0.907349 -0.793057 0.000000
0.594565 0.503212 0.000000
-0.674776 -0.081383 0.000000
0.055935 -0.670625 0.000000
-0.522518 -0.391682 0.000000
0.823256 -0.077421 0.000000
-0.036871 0.443206 0.000000
-0.895461 0.853713 0.000000
0.564037 0.172643 0.000000
-0.092204 0.149393 0.000000
-0.677227 0.977713 0.000000
0.232726 0.159769 0.000000
0.744923 0.752959 0.000000
0.201585 -0.530992 0.000000
-0.509967 -0.303267 0.000000
0.157188 -0.980132 0.000000
0.941223 0.862385 0.000000
-0.183464 -0.644157 0.000000
0.857477 -0.028730 0.000000
-0.036188 -0.941743 0.000000
-0.478147 0.625415 0.000000
0.965649 0.544156 0.000000
0.773659 0.469751 0.000000
0.701675 0.983780 0.000000
0.867470 0.648757 0.000000
-0.697079 -0.582252 0.000000
-0.302832 -0.818488 0.000000
-0.250184 0.901705 0.000000
0.558469 -0.842486 0.000000
0.585715 0.161536 0.000000
-0.907631 0.821323 0.000000
0.756041 -0.151028 0.000000
-0.228222 -0.550434 0.000000
0.920384 -0.729157 0.000000
0.946987 0.749523 0.000000
0.253700 -0.840158 0.000000
0.282008 -0.056998 0.000000
0.002628 0.843746 0.000000
-0.846140 -0.149490 0.000000
-0.331262 -0.830306 0.000000
0.121194 0.593609 0.000000
0.078829 0.681330 0.000000
-0.933736 0.314269 0.000000
-0.389316 -0.188381 0.000000
-0.560540 0.387797 0.000000
0.924654 0.697199 0.000000
0.214771 0.014645 0.000000
0.963006 -0.522525 0.000000
0.895530 -0.264512 0.000000
-0.160356 -0.640552 0.000000
0.631320 -0.175271 0.000000
0.711425 0.977833 0.000000
0.973669 -0.156618 0.000000
-0.902661 -0.722817 0.000000
-0.785543 -0.232847 0.000000
0.116602 -0.241531 0.000000
-0.636586 0.813896 0.000000
0.768733 0.860263 0.000000
-0.974837 -0.911913 0.000000
-0.125700 -0.382295 0.000000
0.938119 -0.914911 0.000000
0.984691 0.660553 0.000000
-0.336163 0.272746 0.000000
-0.806231 0.454773 0.000000
-0.748440 -0.689122 0.000000
-0.436006 -0.714590 0.000000
0.708755 -0.152253 0.000000
0.121186 -0.239737 0.000000
0.540060 0.925258 0.000000
-0.637634 -0.953708 0.000000
-0.724959 0.587719 0.000000
0.994578 0.031841 0.000000
0.958842 -0.997133 0.000000
-0.865192 0.121988 0.000000
0.054394 0.203745 0.000000
-0.057250 -0.615090 0.000000
0.329160 0.951351 0.000000
-0.349636 -0.406093 0.000000
0.208635 0.575677 0.000000
-0.926463 0.336713 0.000000
0.596964 -0.272348 0.000000
-0.721015 -0.503169 0.000000
0.169624 -0.466892 0.000000
0.419710 0.383978 0.000000
-0.068932 0.640773 0.000000
0.523659 -0.907181 0.000000
0.313014 0.931721 0.000000
0.538639 -0.988797 0.000000
0.837710 0.026921 0.000000
0.158068 0.610539 0.000000
0.130518 -0.443845 0.000000
0.348305 -0.467212 0.000000
0.869937 0.875526 0.000000
-0.615677 -0.743239 0.000000
-0.875715 -0.764216 0.000000
-0.460671 -0.140313 0.000000
0.883116 0.172360 0.000000
0.031919 -0.473371 0.000000
-0.835857 -0.161686 0.000000
0.482405 0.621251 0.000000
-0.434236 0.775930 0.000000
-0.412525 0.149527 0.000000
-0.735814 0.917101 0.000000
0.211959 0.023933 0.000000
-0.806221 0.128163 0.000000
0.729709 -0.761650 0.000000
-0.803105 0.884965 0.000000
0.413501 -0.361024 0.000000
0.608574 -0.284142 0.000000
-0.353037 -0.499028 0.000000
-0.264159 0.789688 0.000000
-0.015178 -0.883071 0.000000
0.204885 0.825432 0.000000
-0.350886 -0.072975 0.000000
-0.143332 -0.748843 0.000000
-0.331477 -0.549259 0.000000
0.739335 -0.107688 0.000000
0.609295 -0.475183 0.000000
-0.264600 -0.993468 0.000000
0.409261 -0.433022 0.000000
0.631803 0.959533 0.000000
-0.469108 -0.346995 0.000000
-0.912999 -0.280196 0.000000
-0.431246 -0.820781 0.000000
0.454238 -0.672986 0.000000
0.018699 -0.258020 0.000000
0.762621 -0.047481 0.000000
0.021084 0.469676 0.000000
-0.662236 -0.288780 0.000000
-0.034259 -0.062174 0.000000
0.581936 -0.517556 0.000000
0.647677 -0.764738 0.000000
0.380221 0.982390 0.000000
0.584260 0.616813 0.000000
0.217594 0.847024 0.000000
0.429921 0.260232 0.000000
0.036511 0.340966 0.000000
-0.695722 0.038807 0.000000
0.305682 0.532730 0.000000
-0.090340 0.590346 0.000000
-0.740333 0.448881 0.000000
-0.976801 0.674275 0.000000
-0.646547 0.058768 0.000000
-0.827197 0.944368 0.000000
0.354181 0.366031 0.000000
0.336295 0.530841 0.000000
0.751272 -0.002563 0.000000
-0.607506 0.275996 0.000000
-0.729999 -0.180105 0.000000
-0.561233 0.174969 0.000000
0.173800 -0.913968 0.000000
0.744523 -0.777552 0.000000
-0.938575 -0.289242 0.000000
-0.022346 -0.142859 0.000000
0.346550 -0.246574 0.000000
-0.084457 -0.865639 0.000000
-0.601261 -0.942330 0.000000
0.228526 -0.807390 0.000000
0.308696 0.266537 0.000000
0.600788 0.495813 0.000000
-0.442366 -0.639024 0.000000
-0.443538 0.081453 0.000000
-0.518435 -0.298865 0.000000
0.630421 -0.880194 0.000000
0.143659 -0.682249 0.000000
0.319646 0.248342 0.000000
0.956697 -0.593000 0.000000
0.874828 0.722713 0.000000
0.830424 0.063640 0.000000
0.800164 0.376361 0.000000
0.938345 -0.673893 0.000000
-0.506286 -0.423312 0.000000
0.131679 -0.229662 0.000000
-0.252999 0.767623 0.000000
0.633172 -0.247557 0.000000
-0.502771 0.829574 0.000000
0.496807 0.751168 0.000000
-0.152509 -0.815871 0.000000
-0.928750 -0.210686 0.000000
-0.563029 0.444386 0.000000
0.366096 -0.569780 0.000000
-0.937691 -0.127437 0.000000
-0.502941 -0.394445 0.000000
0.453057 -0.225180 0.000000
-0.355796 -0.414111 0.000000
0.542193 0.922460 0.000000
0.780763 -0.820693 0.000000
0.056786 -0.031491 0.000000
-0.816847 -0.301910 0.000000
0.018112 0.068792 0.000000
-0.505123 -0.927107 0.000000
-0.090764 -0.763059 0.000000
-0.102586 -0.418451 0.000000
0.848078 -0.762099 0.000000
-0.929742 -0.372419 0.000000
0.521406 -0.164952 0.000000
-0.676471 0.330669 0.000000
0.445642 -0.344191 0.000000
-0.893003 -0.269212 0.000000
-0.647398 0.349664 0.000000
0.826878 0.173899 0.000000
0.322961 0.576619 0.000000
0.453964 -0.892375 0.000000
0.854095 0.592892 0.000000
0.116034 -0.626299 0.000000
0.741211 0.739082 0.000000
-0.698371 -0.835302 0.000000
-0.989019 -0.445157 0.000000
-0.314336 0.576242 0.000000
0.001182 -0.443314 0.000000
-0.658463 0.314729 0.000000
-0.633603 -0.423642 0.000000
0.703217 0.126492 0.000000
-0.944053 -0.171660 0.000000
-0.403689 -0.166426 0.000000
0.599026 -0.767678 0.000000
0.525838 0.316124 0.000000
0.200765 -0.205791 0.000000
0.469919 0.872393 0.000000
0.907024 -0.091054 0.000000
-0.825619 -0.343840 0.000000
-0.814232 -0.453381 0.000000
0.192470 0.240341 0.000000
0.839939 -0.239288 0.000000
-0.777239 -0.123278 0.000000
0.206222 -0.869379 0.000000
-0.789192 -0.473747 0.000000
0.651397 -0.065455 0.000000
-0.444166 0.472611 0.000000
-0.771538 0.719706 0.000000
0.291345 -0.983401 0.000000
-0.215573 0.692072 0.000000
0.034235 -0.407993 0.000000
-0.678792 -0.659974 0.000000
-0.501483 -0.826358 0.000000
0.770075 0.293613 0.000000
0.160358 0.460739 0.000000
0.125491 -0.587899 0.000000
0.331479 0.431962 0.000000
0.483792 -0.377495 0.000000
0.864095 -0.452225 0.000000
0.928971 -0.576633 0.000000
0.489285 -0.924143 0.000000
0.498304 0.220645 0.000000
-0.138108 0.585784 0.000000
-0.110357 -0.471124 0.000000
-0.060105 0.472297 0.000000
0.174177 -0.160035 0.000000
-0.042582 -0.891803 0.000000
-0.203990 -0.390920 0.000000
-0.641932 -0.053195 0.000000
0.134039 0.500859 0.000000
-0.407959 0.732207 0.000000
0.116655 -0.835259 0.000000
0.890856 0.647497 0.000000
-0.059984 0.497031 0.000000
-0.506756 -0.845851 0.000000
-0.706232 -0.063177 0.000000
-0.988055 -0.328079 0.000000
0.290737 0.656410 0.000000
0.588247 0.180376 0.000000
0.728143 0.737109 0.000000
-0.448989 0.974563 0.000000
0.589921 0.860124 0.000000
-0.566643 0.437880 0.000000
0.175039 0.720140 0.000000
0.085767 -0.155394 0.000000
-0.987885 -0.902710 0.000000
0.866779 -0.382863 0.000000
0.332929 -0.395344 0.000000
0.344496 0.101905 0.000000
-0.546012 -0.655935 0.000000
-0.389303 0.727786 0.000000
0.108894 -0.608087 0.000000
-0.955670 -0.395837 0.000000
0.095591 0.510521 0.000000
0.569693 -0.754116 0.000000
0.417553 0.307515 0.000000
0.830256 0.894138 0.000000
-0.655118 0.638367 0.000000
0.821896 0.878456 0.000000
0.968671 0.853136 0.000000
-0.248052 0.033759 0.000000
-0.108621 0.091365 0.000000
0.219441 -0.668860 0.000000
0.781598 -0.062295 0.000000
-0.400136 -0.645111 0.000000
0.999550 -0.371296 0.000000
-0.321725 0.786499 0.000000
-0.228447 0.568439 0.000000
0.270914 -0.134026 0.000000
0.423572 0.971470 0.000000
-0.056905 0.264901 0.000000
0.632091 0.724885 0.000000
-0.572117 0.526859 0.000000
-0.892340 0.477478 0.000000
-0.277838 -0.095903 0.000000
-0.424384 -0.688588 0.000000
0.570470 0.000735 0.000000
0.703482 -0.451575 0.000000
0.061999 0.075887 0.000000
-0.202993 -0.300120 0.000000
-0.282932 -0.303269 0.000000
0.467438 -0.822957 0.000000
-0.768055 0.142950 0.000000
-0.834813 -0.046110 0.000000
0.794944 -0.034524 0.000000
0.100321 0.636935 0.000000
0.377145 0.581583 0.000000
-0.140167 -0.639061 0.000000
-0.644768 0.943011 0.000000
0.039054 -0.005516 0.000000
-0.988136 -0.418526 0.000000
-0.054245 0.436384 0.000000
0.398108 0.801465 0.000000
0.771073 0.432799 0.000000
0.419580 0.738766 0.000000
-0.802326 -0.972845 0.000000
-0.641197 -0.234583 0.000000
-0.831014 -0.020303 0.000000
0.963975 -0.087733 0.000000
0.054106 0.588229 0.000000
-0.662051 0.554453 0.000000
0.698765 0.466234 0.000000
0.641352 -0.426369 0.000000
0.641721 -0.769517 0.000000
0.410341 0.320763 0.000000
-0.468979 -0.867093 0.000000
0.297739 -0.606254 0.000000
0.757408 -0.978847 0.000000
0.757980 -0.035047 0.000000
-0.572931 0.450219 0.000000
-0.471237 0.550634 0.000000
0.304907 -0.497569 0.000000
-0.192778 -0.302119 0.000000
-0.256534 -0.477096 0.000000
-0.128542 0.107890 0.000000
0.625534 -0.454405 0.000000
0.812388 -0.625464 0.000000
0.228302 -0.528128 0.000000
0.300065 -0.836654 0.000000
-0.253601 -0.622350 0.000000
0.912785 0.032490 0.000000
-0.462900 0.048775 0.000000
-0.391328 0.970985 0.000000
0.936503 0.345394 0.000000
0.455343 0.829209 0.000000
-0.590047 -0.423196 0.000000
-0.306144 0.208543 0.000000
0.051124 -0.037298 0.000000
0.809925 -0.204589 0.000000
0.044955 -0.321523 0.000000
0.945381 0.904303 0.000000
0.527124 0.124922 0.000000
-0.217400 0.048210 0.000000
0.169262 0.446315 0.000000
-0.802962 -0.129477 0.000000
-0.067873 0.958561 0.000000
0.903120 -0.318185 0.000000
-0.099207 0.926210 0.000000
0.904120 0.277874 0.000000
-0.829930 -0.656057 0.000000
0.398771 0.617002 0.000000
0.962044 0.784244 0.000000
-0.866073 -0.332643 0.000000
-0.712123 0.189189 0.000000
-0.806601 -0.707102 0.000000
0.437777 0.318068 0.000000
0.171517 -0.686965 0.000000
-0.105914 0.120711 0.000000
-0.169842 0.618143 0.000000
0.756028 0.979062 0.000000
-0.740063 0.289461 0.000000
0.503841 0.116494 0.000000
-0.116835 -0.924348 0.000000
0.171517 0.576364 0.000000
0.696090 -0.651906 0.000000
0.828343 0.892309 0.000000
-0.750341 -0.746167 0.000000
-0.785266 0.670793 0.000000
0.237477 0.796647 0.000000
-0.486767 0.958882 0.000000
0.504543 -0.522938 0.000000
-0.591838 0.314569 0.000000
0.634744 0.417699 0.000000
-0.045063 0.099222 0.000000
0.764399 -0.303704 0.000000
0.881020 0.861780 0.000000
0.459497 0.401486 0.000000
0.072051 -0.952535 0.000000
0.995540 0.850788 0.000000
0.892295 0.941780 0.000000
0.081221 -0.179490 0.000000
-0.866149 -0.731430 0.000000
-0.370382 -0.910892 0.000000
-0.041439 0.764181 0.000000
-0.765107 -0.038234 0.000000
-0.501588 -0.806501 0.000000
-0.575330 0.957308 0.000000
0.496393 0.837274 0.000000
-0.576183 0.862359 0.000000
-0.060194 -0.648629 0.000000
0.219769 0.367707 0.000000
-0.720874 0.261429 0.000000
-0.711164 0.691226 0.000000
0.124083 -0.698987 0.000000
-0.439886 -0.718260 0.000000
-0.221318 0.170523 0.000000
-0.284072 0.795698 0.000000
0.688977 0.447334 0.000000
-0.879286 0.827801 0.000000
0.695878 0.344402 0.000000
0.588593 -0.156519 0.000000
-0.763555 -0.691952 0.000000
0.402689 -0.763601 0.000000
0.343002 0.689471 0.000000
0.141021 -0.295751 0.000000
-0.792590 0.118189 0.000000
-0.252720 -0.984829 0.000000
-0.616640 -0.502169 0.000000
0.420618 -0.949515 0.000000
-0.175659 0.749807 0.000000
0.418434 -0.889596 0.000000
0.059029 -0.453014 0.000000
-0.129638 -0.195326 0.000000
-0.576472 -0.150823 0.000000
0.873704 0.269570 0.000000
0.581748 0.526372 0.000000
-0.571073 0.966913 0.000000
-0.502084 -0.711345 0.000000
0.241962 -0.529248 0.000000
0.545021 -0.493690 0.000000
-0.269889 0.842100 0.000000
0.640832 -0.554511 0.000000
0.851419 0.850411 0.000000
-0.676714 0.600211 0.000000
-0.382251 0.364682 0.000000
0.497334 -0.443339 0.000000
-0.202647 0.220797 0.000000
-0.237960 -0.731645 0.000000
0.116979 -0.905476 0.000000
0.690459 -0.427424 0.000000
0.391577 0.068604 0.000000
0.201566 0.111684 0.000000
-0.467173 -0.533537 0.000000
0.145335 -0.979053 0.000000
0.011594 -0.601904 0.000000
0.776532 -0.353256 0.000000
-0.131275 -0.264641 0.000000
0.636174 -0.933898 0.000000
-0.230735 0.044058 0.000000
-0.162021 0.273039 0.000000
-0.399272 -0.253873 0.000000
0.579541 0.948692 0.000000
-0.496620 0.735314 0.000000
-0.680005 0.267471 0.000000
0.164760 -0.517022 0.000000
-0.081860 -0.576639 0.000000
-0.545648 -0.553335 0.000000
0.626786 -0.471052 0.000000
0.841988 0.869544 0.000000
0.602367 0.992245 0.000000
0.461391 0.991673 0.000000
0.468693 0.284878 0.000000
0.510175 -0.944680 0.000000
-0.028482 -0.866967 0.000000
0.746265 -0.035317 0.000000
0.480513 0.506524 0.000000
0.934531 0.480804 0.000000
0.545108 -0.657299 0.000000
-0.678865 0.510450 0.000000
0.223176 0.797697 0.000000
0.324230 -0.835810 0.000000
0.348102 -0.135910 0.000000
-0.200930 -0.349395 0.000000
0.656171 -0.181335 0.000000
0.068643 0.946200 0.000000
-0.200189 -0.644606 0.000000
-0.094646 0.141393 0.000000
-0.111917 0.103711 0.000000
0.007173 0.745722 0.000000
0.896229 -0.923877 0.000000
0.322331 -0.826350 0.000000
0.316874 -0.156972 0.000000
0.417653 0.099444 0.000000
0.606187 -0.722582 0.000000
-0.353884 0.289936 0.000000
-0.707864 -0.769996 0.000000
-0.016130 -0.024910 0.000000
-0.832483 0.466830 0.000000
-0.439658 -0.807608 0.000000
-0.611640 -0.247157 0.000000
-0.910401 -0.028502 0.000000
-0.701771 0.653314 0.000000
-0.290227 -0.060460 0.000000
-0.021525 -0.149007 0.000000
-0.970420 0.091620 0.000000
0.672228 0.574438 0.000000
-0.894809 -0.142484 0.000000
0.434372 0.923276 0.000000
0.327932 0.659392 0.000000
-0.114142 0.681031 0.000000
-0.190393 -0.893371 0.000000
-0.833156 -0.448670 0.000000
-0.919411 -0.252533 0.000000
0.878968 -0.834616 0.000000
-0.050421 0.904132 0.000000
0.326008 0.363516 0.000000
-0.918939 -0.575725 0.000000
0.563577 0.153665 0.000000
-0.202961 0.977652 0.000000
-0.094633 0.949645 0.000000
-0.961135 0.598305 0.000000
-0.899287 -0.163803 0.000000
0.813297 0.311487 0.000000
-0.828240 -0.713091 0.000000
0.790348 -0.115709 0.000000
-0.267581 -0.509268 0.000000
0.114791 -0.630775 0.000000
0.838552 -0.741430 0.000000
0.157563 -0.445682 0.000000
-0.443650 0.704659 0.000000
0.210731 -0.327959 0.000000
-0.667571 -0.290153 0.000000
0.763287 -0.386456 0.000000
-0.703790 0.422893 0.000000
0.904243 0.161756 0.000000
-0.246661 -0.201805 0.000000
0.540343 -0.221267 0.000000
0.392300 -0.490837 0.000000
-0.212641 -0.767432 0.000000
0.862025 0.650038 0.000000
-0.146560 -0.293378 0.000000
0.365573 0.375558 0.000000
0.848367 -0.110134 0.000000
0.144367 0.164468 0.000000
-0.859350 0.238402 0.000000
-0.316596 0.702214 0.000000
-0.336794 -0.135753 0.000000
-0.808755 -0.396245 0.000000
-0.312747 -0.498459 0.000000
0.770659 -0.645758 0.000000
0.322779 0.854955 0.000000
0.654831 -0.122815 0.000000
0.363354 0.489310 0.000000
0.038309 0.378565 0.000000
-0.061609 -0.170474 0.000000
0.927755 -0.551906 0.000000
-0.917366 -0.893835 0.000000
0.206295 0.933131 0.000000
-0.280418 -0.422538 0.000000
-0.805518 -0.137278 0.000000
-0.272402 -0.124871 0.000000
-0.509509 -0.655491 0.000000
-0.104471 -0.500680 0.000000
0.495218 -0.363057 0.000000
-0.734922 0.671646 0.000000
0.647063 0.608630 0.000000
-0.814280 0.721117 0.000000
-0.124303 -0.735500 0.000000
0.426592 0.842826 0.000000
0.290323 0.716968 0.000000
-0.398022 -0.191914 0.000000
-0.735576 0.233154 0.000000
-0.181129 -0.839590 0.000000
0.564128 -0.052600 0.000000
-0.049724 -0.157179 0.000000
0.362115 -0.575100 0.000000
-0.059256 0.698470 0.000000
-0.905549 0.031387 0.000000
0.116670 -0.157629 0.000000
-0.958617 -0.039766 0.000000
0.030459 0.841223 0.000000
-0.090222 -0.442164 0.000000
-0.849251 -0.227816 0.000000
0.035086 0.290821 0.000000
-0.317463 0.930939 0.000000
-0.824191 0.376598 0.000000
0.587193 -0.781709 0.000000
-0.715696 0.440429 0.000000
-0.324171 -0.645574 0.000000
-0.407597 -0.788748 0.000000
0.297849 0.939047 0.000000
0.397445 -0.783947 0.000000
0.499031 0.385262 0.000000
0.708117 -0.210039 0.000000
0.955628 -0.101599 0.000000
0.610575 0.859536 0.000000
0.416866 0.051023 0.000000
0.565048 0.654143 0.000000
0.480341 0.053920 0.000000
-0.268753 -0.319606 0.000000
0.587451 0.325805 0.000000
-0.216382 -0.966491 0.000000
0.861478 0.320242 0.000000
-0.683818 -0.962501 0.000000
0.286420 -0.583164 0.000000
0.567935 0.637922 0.000000
-0.733474 0.144157 0.000000
-0.701590 0.924242 0.000000
-0.876159 0.782361 0.000000
0.081168 0.752507 0.000000
0.431202 0.989417 0.000000
0.330551 -0.938184 0.000000
-0.732472 0.872662 0.000000
-0.157572 -0.961050 0.000000
0.628148 0.749089 0.000000
0.515972 0.562975 0.000000
0.310107 -0.244647 0.000000
-0.432065 0.666836 0.000000
-0.393521 0.592285 0.000000
0.272161 0.096599 0.000000
-0.284103 0.548608 0.000000
0.697795 -0.736507 0.000000
0.350862 -0.238778 0.000000
-0.250718 0.105466 0.000000
0.141740 0.404211 0.000000
0.847853 -0.102595 0.000000
-0.374023 -0.782817 0.000000
-0.034071 -0.189853 0.000000
-0.412290 -0.928368 0.000000
0.086550 -0.195841 0.000000
0.304367 -0.178417 0.000000
-0.531362 0.151707 0.000000
-0.943322 0.067944 0.000000
-0.103932 0.744083 0.000000
-0.053261 0.215281 0.000000
0.086873 -0.355925 0.000000
-0.510067 -0.477826 0.000000
0.382065 -0.772852 0.000000
-0.515479 0.939379 0.000000
-0.327639 0.284540 0.000000
0.473398 -0.104008 0.000000
-0.332534 0.959026 0.000000
-0.670292 -0.173027 0.000000
-0.281756 -0.479387 0.000000
-0.917979 0.136978 0.000000
-0.251457 0.117573 0.000000
0.844837 -0.187056 0.000000
0.273616 0.208168 0.000000
0.126841 0.445901 0.000000
-0.285316 0.592411 0.000000
0.803731 -0.759744 0.000000
-0.976171 0.665844 0.000000
0.495792 -0.432336 0.000000
-0.668131 -0.745714 0.000000
-0.825193 0.761467 0.000000
-0.004357 -0.365281 0.000000
0.476857 -0.004356 0.000000
-0.506166 -0.895245 0.000000
0.917527 0.803443 0.000000
-0.384510 0.006745 0.000000
0.336084 0.365854 0.000000
0.007441 -0.503936 0.000000
0.211262 0.780560 0.000000
-0.697919 0.641896 0.000000
-0.173146 0.281166 0.000000
-0.105872 -0.664347 0.000000
-0.803765 -0.986063 0.000000
0.565255 0.956026 0.000000
0.488343 0.899159 0.000000
-0.478421 -0.901085 0.000000
0.004471 0.310475 0.000000
-0.587494 0.084651 0.000000
0.815648 0.993009 0.000000
-0.901428 0.513101 0.000000
-0.401283 0.551684 0.000000
0.909155 0.394029 0.000000
0.938873 -0.801613 0.000000
-0.880656 0.491585 0.000000
-0.209173 -0.872616 0.000000
-0.962146 0.664866 0.000000
-0.310470 0.328511 0.000000
0.137716 0.633173 0.000000
-0.385201 0.147890 0.000000
-0.549064 -0.881002 0.000000
0.540528 0.684606 0.000000
0.918163 -0.707316 0.000000
0.683500 -0.213639 0.000000
-0.097681 -0.805139 0.000000
0.751171 -0.600155 0.000000
-0.184892 -0.337196 0.000000
0.870506 -0.005141 0.000000
0.198808 -0.038841 0.000000
-0.888285 0.613105 0.000000
-0.224579 0.000097 0.000000
-0.299713 -0.294507 0.000000
0.564226 -0.480818 0.000000
0.283011 -0.771591 0.000000
0.392091 -0.054115 0.000000
-0.818094 0.928565 0.000000
-0.346905 -0.586373 0.000000
-0.123513 0.680320 0.000000
-0.393014 0.625585 0.000000
-0.442305 -0.207222 0.000000
-0.837095 -0.332148 0.000000
-0.849431 -0.834335 0.000000
-0.595940 -0.290867 0.000000
-0.707194 0.548422 0.000000
0.248100 -0.318794 0.000000
-0.768493 -0.831662 0.000000
-0.888997 -0.175552 0.000000
-0.926185 -0.871782 0.000000
-0.692022 -0.139141 0.000000
0.994336 0.807618 0.000000
0.490939 0.172339 0.000000
-0.725696 0.931019 0.000000
-0.943799 -0.605947 0.000000
-0.161334 -0.582565 0.000000
0.725046 -0.294833 0.000000
0.629272 0.078642 0.000000
0.668097 0.184996 0.000000
0.558615 -0.223783 0.000000
0.975778 0.508822 0.000000
-0.338817 0.033641 0.000000
-0.733918 -0.954255 0.000000
0.259346 -0.943403 0.000000
-0.357995 -0.900761 0.000000
-0.455937 -0.137337 0.000000
0.925839 -0.673683 0.000000
0.491273 0.155689 0.000000
0.665597 0.999968 0.000000
-0.066329 0.099051 0.000000
-0.579606 -0.951605 0.000000
0.049501 -0.575741 0.000000
-0.033576 0.530462 0.000000
0.944260 0.078077 0.000000
-0.523642 -0.731672 0.000000
0.755360 -0.077057 0.000000
-0.434058 0.762872 0.000000
-0.686849 0.906322 0.000000
0.780402 0.281101 0.000000
0.360720 -0.662240 0.000000
0.722118 0.623509 0.000000
-0.301049 -0.541149 0.000000
0.535645 0.482866 0.000000
-0.913315 -0.891115 0.000000
0.851733 0.772603 0.000000
0.339051 0.573754 0.000000
-0.351312 -0.299848 0.000000
0.745891 -0.217100 0.000000
0.995316 0.484814 0.000000
0.565402 0.487578 0.000000
-0.298321 0.929768 0.000000
-0.097696 -0.096134 0.000000
-0.386546 -0.941099 0.000000
-0.160775 0.418606 0.000000
-0.697311 -0.306399 0.000000
0.342008 0.369538 0.000000
0.568656 -0.590505 0.000000
-0.439708 0.453962 0.000000
-0.256824 0.806720 0.000000
-0.255577 0.746416 0.000000
0.809860 0.442016 0.000000
-0.677602 -0.705546 0.000000
