-0.971389 -0.043022 0.233563
-0.751434 -0.082800 0.654592
-0.570622 -0.586572 0.574738
0.323287 0.402108 -0.856618
0.818087 -0.567350 -0.094061
-0.235985 -0.246257 -0.940036
0.181363 -0.756607 -0.628214
-0.691566 -0.596508 -0.407327
0.396793 0.419900 0.816235
0.366631 -0.847401 -0.384048
-0.326110 -0.794834 0.511753
-0.907860 0.037208 -0.417618
-0.234306 -0.936845 0.259656
-0.532601 0.475104 0.700438
0.555830 -0.422678 -0.715818
-0.003023 -0.868484 0.495708
0.887015 -0.374283 0.270401
-0.185100 -0.254684 0.949144
0.656549 0.253092 0.710555
-0.082465 -0.197997 0.976728
-0.110840 0.939037 -0.325461
-0.794729 0.052297 -0.604707
-0.304298 -0.899421 0.313760
0.041696 0.649623 0.759112
-0.767421 -0.107520 0.632064
0.783264 0.559977 0.270042
-0.337620 -0.640882 -0.689408
-0.446638 0.861689 0.240846
-0.307784 -0.585082 -0.750299
-0.651580 -0.078675 0.754489
-0.240395 0.746599 0.620323
0.059597 -0.087933 0.994342
0.377834 0.870984 0.314053
-0.262931 -0.955400 0.134451
-0.869947 -0.027814 0.492361
0.654016 0.309551 0.690247
-0.027538 -0.830171 0.556829
-0.494211 -0.743405 -0.450671
-0.081420 0.695635 -0.713766
0.796706 0.492040 0.350937
-0.804071 0.557581 -0.206334
-0.673705 0.718488 -0.172903
0.635821 0.677155 -0.370396
-0.695847 0.478312 -0.535737
-0.819883 -0.471575 0.324668
0.305332 0.396199 0.865910
0.677585 -0.440502 0.588929
0.522934 -0.840495 -0.141802
-0.850325 -0.430852 0.302183
-0.555556 0.779559 -0.289216
-0.327335 -0.905384 0.270429
0.929587 0.283786 -0.235232
0.884373 -0.272886 0.378704
0.547020 -0.611227 0.571989
0.147044 0.942640 -0.299679
0.054797 -0.874487 -0.481944
-0.584845 0.743729 -0.323763
0.211580 -0.350115 -0.912498
-0.405236 0.324298 0.854760
-0.926626 -0.372983 0.047401
-0.785102 0.520102 -0.336316
0.237551 0.185548 0.953489
-0.878342 -0.239739 -0.413571
-0.071117 -0.947658 -0.311266
0.192028 0.702727 0.685055
-0.851752 -0.210526 -0.479789
0.838769 -0.489630 0.238178
-0.151964 -0.768041 -0.622109
0.815280 0.557456 -0.156721
-0.675047 0.736563 0.042273
-0.079692 -0.663096 -0.744280
-0.733970 -0.172018 0.657037
0.514227 0.746600 0.422089
0.285372 -0.578648 0.764022
-0.077002 0.192534 -0.978264
0.457723 0.334698 0.823691
0.333881 -0.736344 0.588490
-0.291331 -0.947987 -0.128246
-0.100415 -0.194757 0.975698
0.557401 -0.761999 0.329639
-0.066448 -0.601444 0.796147
0.982493 -0.017958 -0.185432
0.430665 -0.217998 0.875788
0.843017 0.282645 -0.457639
-0.274180 0.685825 0.674144
0.916727 0.349743 0.193107
0.100711 -0.983291 0.151647
-0.692986 -0.265233 -0.670390
0.241496 -0.333734 0.911209
-0.146351 -0.235485 -0.960796
0.933429 -0.354481 -0.055252
0.686377 0.304333 0.660506
-0.854469 0.080281 -0.513261
-0.038293 -0.979062 -0.199930
0.364755 0.917530 0.158405
0.407376 -0.910905 0.065546
-0.680219 0.218306 0.699746
0.545876 0.826718 -0.136225
0.134277 -0.861603 -0.489500
0.727088 0.586101 -0.357531
-0.090333 -0.319895 0.943137
0.001853 -0.027239 0.999627
0.257952 0.217851 0.941277
-0.084012 -0.032569 -0.995932
0.337882 -0.915258 0.219406
-0.026768 0.920958 0.388742
-0.395960 0.847625 -0.353195
-0.203491 0.754402 0.624075
0.976473 -0.054412 0.208662
-0.681071 -0.213898 0.700279
0.709494 -0.458713 -0.534977
-0.564202 -0.339960 -0.752399
0.785026 0.458931 -0.416073
-0.153465 -0.381095 0.911710
0.368028 -0.002559 0.929811
0.822063 0.407541 -0.397646
-0.751232 -0.409332 -0.517782
-0.429494 -0.297143 0.852784
0.930288 0.316412 0.185601
-0.986780 0.026424 -0.159898
0.697750 -0.203136 0.686936
-0.692406 -0.333009 0.640062
0.612634 -0.229539 0.756301
-0.647206 0.704600 -0.290969
-0.547727 0.577107 -0.605758
0.169038 0.978479 -0.118345
-0.416882 -0.304288 -0.856515
-0.495335 0.692876 -0.523990
0.469834 0.101743 0.876872
-0.986722 -0.162207 0.008294
0.999159 0.018782 -0.036461
-0.510372 -0.207262 0.834603
-0.112251 -0.338481 0.934254
-0.953421 -0.203005 -0.223107
-0.348878 -0.077103 0.933991
0.579817 0.008340 0.814704
0.763838 -0.595969 -0.247736
0.298666 -0.922332 0.245158
-0.786642 -0.123882 0.604854
0.715960 -0.293615 -0.633397
-0.300055 -0.639723 0.707617
-0.397653 0.888109 0.230510
0.431904 -0.674372 -0.598901
-0.822818 -0.540097 0.176824
-0.507419 0.381358 -0.772717
-0.364596 -0.910509 -0.195047
-0.834257 0.308053 -0.457295
-0.900281 -0.378977 0.214172
-0.415414 -0.902733 0.111827
-0.589299 -0.787390 -0.180952
-0.312964 0.385428 0.868043
0.176092 -0.854606 -0.488508
0.501254 -0.795359 -0.340805
0.961874 0.273358 0.008583
-0.378082 -0.787354 -0.486958
-0.700186 -0.137274 0.700639
0.571036 0.604678 0.555232
0.086457 -0.272552 0.958249
-0.683787 0.517253 -0.514669
-0.533716 -0.813601 0.230654
0.010350 0.948986 0.315147
-0.132994 -0.710428 -0.691089
-0.047270 -0.353739 0.934149
0.956265 0.203369 0.210235
0.178257 -0.429868 0.885120
-0.820038 0.561449 -0.110962
0.169555 0.982739 0.073989
-0.949422 -0.203883 -0.238807
-0.753442 -0.650790 0.093799
0.080388 -0.995218 0.055481
-0.602264 -0.768116 -0.217430
0.171133 0.850281 0.497731
-0.809581 -0.400355 0.429295
0.621237 -0.181431 -0.762330
-0.049941 -0.872545 -0.485974
-0.444269 -0.883606 -0.147872
-0.456650 -0.872402 -0.174312
-0.234257 -0.496436 -0.835868
-0.836244 -0.431147 0.338835
-0.478920 -0.211727 0.851943
0.105826 -0.914867 -0.389640
0.155424 -0.774263 -0.613482
0.479420 -0.310750 0.820726
-0.275699 -0.923177 0.267832
0.797397 0.492075 0.349314
-0.322669 -0.888339 -0.326707
-0.287473 -0.037772 -0.957044
-0.019127 0.970331 -0.241025
0.981675 -0.003632 -0.190526
-0.156327 -0.357572 0.920709
0.479504 -0.794934 -0.371693
-0.492253 0.358704 -0.793107
0.179016 -0.161300 0.970534
0.599837 -0.103322 -0.793423
0.741040 0.043682 0.670039
-0.737727 -0.390875 -0.550432
-0.410380 -0.857794 0.309481
0.679691 -0.307802 0.665791
-0.934012 -0.239211 0.265331
-0.566566 -0.400252 0.720279
-0.212961 -0.348566 0.912770
-0.723307 0.671334 0.161671
0.770872 -0.572442 -0.279403
-0.940008 0.335270 -0.063088
-0.526781 0.772499 -0.354609
0.257930 -0.962326 -0.086026
-0.100441 0.964248 -0.245229
-0.003525 -0.925075 -0.379768
-0.580789 0.447632 -0.679933
-0.899267 -0.427453 0.092748
-0.607187 -0.007533 0.794523
-0.705034 -0.356422 0.613099
0.259038 -0.107251 -0.959894
0.058685 -0.972755 0.224285
-0.229479 0.841724 -0.488712
-0.895869 0.443321 0.029741
-0.877352 -0.052023 -0.477018
-0.697651 -0.708652 0.105340
-0.024341 0.814775 0.579266
0.505284 0.518657 -0.689698
0.568198 -0.361022 -0.739469
-0.468028 -0.586962 0.660625
0.313546 -0.317737 0.894836
0.901465 -0.425150 0.081294
-0.877206 -0.103850 -0.468749
-0.366589 -0.825951 -0.428272
-0.347918 0.626435 -0.697519
-0.069479 0.957494 -0.279962
0.505521 0.604672 0.615484
0.626927 0.109684 -0.771318
0.221750 -0.494918 -0.840169
0.426149 0.419829 0.801337
0.987501 -0.153474 0.035874
0.356614 -0.764626 -0.536818
0.708995 -0.683705 0.172838
-0.051556 0.664069 0.745892
-0.761740 -0.573372 -0.301656
-0.729792 -0.683216 -0.024892
0.504965 -0.861164 -0.058363
-0.017164 0.411403 0.911292
0.389385 0.902225 0.185391
0.241653 0.271405 -0.931635
-0.413725 -0.868490 -0.273052
0.622890 -0.193345 -0.758041
-0.483058 0.857834 -0.175430
-0.358211 -0.788433 0.500058
0.703682 0.693196 0.155920
-0.999790 0.016361 -0.012363
-0.920652 0.371639 0.119512
-0.595934 -0.311211 0.740277
-0.207339 0.882179 -0.422812
0.170741 -0.904674 -0.390400
0.245595 0.666805 0.703601
-0.190624 0.585220 0.788150
-0.303150 -0.734295 0.607381
-0.004893 0.257513 -0.966262
0.435663 -0.852527 0.288782
0.457785 -0.700053 0.548049
-0.896166 -0.031282 -0.442614
-0.415820 -0.832830 0.365359
0.230517 -0.672596 -0.703190
0.281374 -0.560498 -0.778891
-0.674679 -0.726331 -0.131342
0.080650 0.523948 -0.847924
0.216822 0.623505 -0.751153
0.111694 0.992044 -0.058080
-0.061641 -0.809152 0.584357
0.527285 -0.359219 -0.770021
0.802652 -0.590662 0.082871
0.184655 -0.929961 -0.317924
-0.758690 0.635884 -0.141565
-0.253064 -0.321238 -0.912560
0.626137 0.067242 -0.776808
0.776931 0.215230 0.591654
-0.168488 -0.981129 -0.094858
0.714199 -0.195675 0.672035
-0.102988 0.743278 -0.661007
-0.008497 -0.648323 0.761318
0.621878 -0.463126 0.631492
0.010398 0.162285 -0.986689
0.339952 0.072332 0.937657
0.411956 0.714148 0.565938
-0.766293 -0.395669 -0.506203
-0.399467 0.124092 -0.908310
-0.648924 0.534269 0.541714
0.754270 -0.212147 -0.621345
-0.180280 0.969794 0.164311
0.690059 0.001412 0.723751
-0.991640 0.006548 -0.128866
0.671922 0.521194 0.526192
0.281822 0.824206 -0.491183
0.789929 0.136779 0.597749
0.563531 -0.671903 0.480603
-0.798687 -0.027606 -0.601113
-0.037134 -0.545713 0.837149
-0.329004 -0.944015 -0.024333
-0.000807 0.959064 0.283188
0.153323 -0.473944 0.867104
-0.431569 -0.900209 -0.058068
-0.464365 0.881620 0.084328
-0.889841 0.442331 -0.111923
0.574504 0.814127 -0.084517
0.471755 -0.210237 -0.856299
0.515730 -0.789931 -0.331709
-0.689621 -0.708997 -0.147469
0.761915 -0.273082 -0.587292
0.628182 0.708141 0.322373
-0.022891 -0.047495 0.998609
-0.321720 0.409751 -0.853581
-0.024848 -0.635623 0.771600
-0.757292 0.439181 0.483351
-0.284752 -0.001932 0.958599
-0.998317 -0.057026 0.010546
-0.171660 -0.881927 -0.439019
-0.388433 0.911279 0.136712
-0.581835 -0.053671 -0.811534
-0.039691 -0.108831 0.993268
-0.714299 0.416858 -0.562144
-0.078581 -0.212237 0.974054
-0.062765 -0.374074 0.925273
0.791455 -0.169076 0.587378
0.556630 0.295728 0.776343
0.364815 0.048189 0.929832
-0.889581 0.326584 0.319356
0.375213 0.697247 0.610789
0.904785 -0.399212 -0.148304
-0.721824 0.499214 0.479329
0.518627 0.642579 -0.564020
0.718783 -0.143412 0.680283
-0.502108 -0.857331 0.113451
0.681984 0.389539 0.618997
-0.559971 0.253901 -0.788648
-0.978486 0.041849 -0.202023
0.992150 -0.035582 -0.119888
0.692554 -0.667716 -0.272991
0.048265 -0.781677 0.621813
-0.568775 -0.753039 0.330798
-0.671342 -0.333455 -0.661897
0.841810 -0.522599 0.135078
0.269604 0.628077 0.729954
-0.245339 0.841002 0.482208
0.259055 -0.760083 -0.595956
-0.239106 -0.105624 -0.965232
-0.949273 -0.173133 -0.262498
-0.354994 0.599179 0.717610
0.857517 0.009795 0.514362
0.007951 -0.863799 -0.503774
0.294668 -0.843884 -0.448365
-0.694422 0.279240 0.663176
0.066952 0.776217 -0.626900
0.452497 -0.883878 0.118346
-0.645175 -0.763927 0.012850
0.135898 -0.904315 0.404656
-0.955427 0.239985 -0.171948
-0.813637 0.075791 0.576411
0.995654 -0.043672 0.082251
0.075442 0.938875 -0.335891
0.321098 0.061415 -0.945053
-0.187558 -0.763767 -0.617643
-0.017210 0.742011 0.670167
-0.239625 -0.545989 -0.802793
-0.214450 0.477134 0.852264
0.239413 -0.837952 -0.490427
-0.271753 0.338244 -0.900967
-0.960863 0.276911 0.007959
-0.955432 -0.119821 -0.269800
-0.254374 0.944434 -0.208180
-0.392451 -0.037234 -0.919019
-0.477098 -0.633161 0.609496
-0.135332 -0.973226 0.185786
0.775404 0.306902 -0.551869
0.754159 0.467140 -0.461546
-0.159167 0.945108 0.285372
-0.566740 -0.391947 -0.724696
-0.231221 -0.037565 0.972176
0.210568 0.902604 0.375455
0.673117 0.509630 -0.535903
-0.672704 0.667891 0.318419
-0.283127 0.804095 -0.522752
0.736063 -0.559347 0.381239
-0.002171 0.688817 -0.724932
0.543884 -0.106931 0.832319
-0.851402 -0.524457 0.007730
0.744261 0.344637 -0.572102
0.630014 -0.068564 -0.773551
0.870522 0.048963 -0.489687
0.096280 -0.118766 0.988243
-0.390721 0.427519 -0.815208
0.978767 -0.163851 0.123158
0.877727 0.328377 -0.348947
-0.734372 0.617651 0.281433
-0.223222 0.943953 -0.243157
0.108127 -0.992694 0.053539
-0.254974 -0.594702 -0.762442
-0.651472 -0.227277 0.723830
0.864601 -0.500163 -0.047983
-0.184333 -0.526108 0.830200
-0.749334 -0.593318 0.294061
0.888792 0.151125 -0.432678
-0.426140 0.358323 0.830668
0.718337 0.334505 0.609998
-0.497287 0.418764 0.759830
0.653006 0.193602 -0.732189
0.178377 0.386142 -0.905028
-0.881673 0.254508 0.397340
0.079187 -0.994405 -0.069911
-0.327045 0.692627 -0.642892
0.833297 0.165018 0.527622
-0.301066 -0.578022 -0.758452
-0.733886 -0.339507 0.588342
0.766527 0.040244 0.640950
0.195645 -0.974647 -0.108561
0.654132 -0.701953 -0.281734
-0.714901 -0.535351 -0.449795
0.059291 0.990283 0.125796
0.079664 -0.822205 -0.563590
-0.330324 0.204124 0.921531
0.226434 0.956613 0.183355
-0.213821 -0.818951 -0.532541
-0.344537 -0.918002 0.196386
-0.395864 0.591574 -0.702376
0.815428 -0.294732 -0.498208
0.717528 -0.448532 0.532891
0.726155 -0.143457 -0.672398
0.672587 0.691884 -0.262531
0.166957 0.724038 0.669249
-0.497779 0.454795 -0.738497
-0.724710 -0.533752 -0.435780
-0.702744 0.497312 0.508754
0.264681 0.148630 -0.952813
-0.818980 0.327138 -0.471437
-0.539793 0.840291 0.050350
0.528017 -0.413630 -0.741692
-0.535244 0.702290 0.469364
-0.852060 -0.507228 -0.129279
0.853847 0.279645 0.439026
-0.192816 -0.434207 -0.879935
-0.973217 0.136531 -0.184951
-0.925125 -0.312282 0.215927
-0.830441 -0.481711 -0.279860
0.244833 0.921272 -0.302183
-0.161715 0.923261 0.348478
0.989763 -0.139951 0.027972
0.305900 -0.472826 0.826354
0.214796 0.423903 0.879869
0.309856 0.793753 -0.523397
0.807927 -0.553849 0.201258
0.878090 -0.434342 0.200758
-0.861456 -0.347382 -0.370431
0.873847 0.336726 -0.350723
-0.256171 0.863078 0.435285
-0.985730 0.155451 -0.064585
-0.271243 -0.457438 -0.846863
-0.329099 0.510470 0.794427
-0.506291 -0.237046 -0.829144
-0.636560 -0.740842 0.214345
-0.910228 -0.341941 -0.233584
-0.864865 0.421766 0.272252
0.614147 -0.577098 0.538314
-0.519442 0.702549 -0.486420
-0.846505 0.229687 -0.480285
0.122217 -0.243469 -0.962178
-0.202182 0.388497 0.898995
-0.168666 -0.966405 0.193940
0.094145 0.900656 0.424212
0.349562 -0.848937 -0.396375
0.618019 -0.155669 0.770597
-0.027310 0.930738 0.364665
0.053103 0.994277 -0.092701
0.267297 -0.920153 -0.286131
0.109447 -0.727674 -0.677135
0.932370 0.189250 0.308012
-0.524988 0.557382 0.643205
-0.084725 -0.368528 -0.925748
-0.480478 0.142448 -0.865361
-0.221493 0.268213 0.937551
0.114430 0.972012 0.205178
0.593336 0.261461 -0.761309
-0.900532 0.333559 0.278891
-0.166177 -0.870188 0.463852
-0.779691 0.475323 -0.407615
0.429496 -0.834438 -0.345321
-0.797614 0.600136 -0.060407
-0.291452 -0.337845 0.894939
0.480410 0.600461 -0.639259
0.898946 0.251560 0.358627
0.556314 0.369231 0.744434
-0.364084 0.660730 0.656414
0.289614 0.093330 0.952582
-0.488092 -0.870287 -0.066086
0.805557 0.487032 -0.337457
-0.816431 -0.568011 0.103937
-0.249131 0.051675 0.967090
-0.969886 0.101143 -0.221567
-0.390363 0.488049 0.780657
-0.836741 0.218898 -0.501944
-0.877226 0.463811 0.123911
-0.008163 0.107214 -0.994202
-0.229028 -0.962528 0.145208
0.578640 0.778502 0.243127
-0.420862 -0.892932 -0.159835
-0.967377 0.211167 0.139968
0.849761 0.305721 0.429465
-0.077529 -0.856718 0.509925
0.487331 0.212344 -0.847006
-0.886833 -0.376324 0.268157
-0.772517 -0.530941 -0.348310
-0.963407 -0.241124 -0.117072
-0.058138 0.801189 0.595580
-0.622070 0.525096 0.580778
-0.887199 -0.223806 -0.403472
-0.209234 0.186132 -0.959988
-0.404825 -0.887233 -0.221211
0.034555 0.362606 0.931302
0.493778 0.516062 0.699902
0.942362 0.003804 -0.334574
0.025747 -0.921376 -0.387819
0.635865 0.498238 -0.589436
-0.236628 -0.916853 0.321539
0.637276 -0.582140 0.504967
-0.790769 -0.417559 0.447581
-0.774583 -0.483625 -0.407589
-0.091613 0.386129 -0.917884
-0.185129 -0.977730 0.098853
0.066290 0.949159 -0.307739
0.956075 -0.022101 -0.292287
-0.242134 0.296229 0.923915
0.649910 -0.640281 -0.409460
-0.299147 -0.588047 0.751473
-0.337160 -0.911024 -0.237399
-0.314275 -0.467014 -0.826516
0.169496 -0.852959 -0.493692
-0.525007 0.703485 -0.479037
0.337382 0.001550 0.941366
0.780939 -0.338160 0.525150
0.125652 0.950534 0.284071
-0.188631 -0.390352 -0.901135
0.367580 -0.922740 -0.115913
-0.138173 -0.510721 0.848571
0.420262 -0.673532 0.608058
-0.312257 -0.561948 0.765970
0.511041 0.852056 0.113304
-0.193286 -0.521904 -0.830817
0.455310 0.481730 -0.748752
0.040274 0.848681 0.527369
0.516605 0.538882 0.665376
0.425167 -0.719010 -0.549779
-0.852259 -0.104119 -0.512653
-0.399862 0.491794 0.773465
0.422857 -0.104520 0.900148
0.290789 0.104356 -0.951079
-0.895832 0.238816 0.374769
0.397522 0.361829 0.843241
-0.591238 -0.240808 -0.769707
0.981536 0.107651 -0.158108
-0.470477 0.593771 0.652754
-0.226371 -0.899303 -0.374179
0.724965 0.324360 -0.607632
0.884419 -0.048681 0.464148
0.213937 -0.375287 0.901882
-0.327845 0.944720 -0.004615
0.065651 0.571822 0.817747
-0.763762 -0.408010 0.500195
0.518663 0.677982 -0.520892
-0.135913 0.071245 -0.988156
0.257368 0.358988 -0.897156
0.900225 0.306126 -0.309646
-0.327825 0.108367 0.938503
0.743730 -0.088324 -0.662619
-0.224468 -0.282044 0.932773
-0.335351 0.828644 0.448207
0.942940 -0.094940 0.319141
-0.680507 -0.226783 0.696764
-0.676921 0.731235 0.084103
-0.381533 -0.020973 0.924117
-0.984247 0.161659 0.071586
0.900904 -0.139333 -0.411046
-0.530624 0.386234 0.754494
0.831680 -0.269757 -0.485324
-0.341082 0.850013 0.401423
0.942446 0.266133 0.202408
-0.857933 0.497514 -0.128179
-0.489553 -0.813896 -0.312907
0.807641 -0.013008 0.589530
0.697661 -0.383428 0.605188
-0.129415 -0.908826 0.396594
-0.278683 -0.760193 0.586893
-0.204770 0.551734 -0.808492
-0.389800 -0.915739 0.097356
-0.676792 -0.409551 -0.611736
-0.226902 0.558858 -0.797617
0.072591 0.754495 0.652279
-0.731501 -0.137558 -0.667820
0.632138 0.027317 0.774374
-0.858806 -0.386901 0.335798
-0.350969 -0.936190 -0.019200
-0.196903 -0.956066 0.217181
-0.649731 0.726536 0.223594
-0.196663 -0.094432 -0.975913
0.801812 0.569321 0.181580
0.386512 0.678287 -0.624928
0.013509 0.999726 -0.019133
0.470032 0.516112 -0.716030
-0.209208 0.860725 -0.464095
-0.546649 0.269576 -0.792782
0.310518 0.075142 -0.947593
-0.793157 -0.306096 0.526505
0.241727 0.450371 0.859496
0.917312 0.395669 -0.044546
0.593115 -0.771032 0.231787
-0.499692 -0.622757 0.602064
-0.919483 0.187357 -0.345614
-0.180235 0.213859 0.960094
-0.133579 0.591195 0.795390
0.953439 0.278467 -0.115799
0.935121 -0.252320 -0.248765
-0.035870 0.105257 0.993798
0.825918 -0.518730 0.220857
-0.424094 -0.103415 -0.899694
0.222346 -0.853461 0.471345
-0.903326 -0.246408 0.351121
0.843738 -0.405674 -0.351474
0.060169 0.996156 -0.063667
0.190418 0.461105 -0.866674
0.825682 0.006424 0.564100
0.011665 -0.903244 -0.428969
-0.739205 0.210079 -0.639878
0.151258 0.943825 -0.293795
-0.310941 -0.109671 0.944080
-0.058262 -0.588277 -0.806558
-0.061247 -0.200131 -0.977853
0.607418 0.338452 -0.718675
0.941278 0.327376 0.082586
0.905999 -0.147072 -0.396907
-0.289491 -0.803888 -0.519576
-0.988944 0.147933 0.010245
0.831012 0.364019 0.420606
0.879849 -0.321485 -0.350019
-0.784634 -0.016811 -0.619731
-0.266686 0.759566 -0.593244
-0.855791 0.269488 0.441585
0.979345 0.189559 -0.070361
0.142503 0.679850 0.719372
0.135789 0.175352 -0.975096
0.105167 0.183324 0.977411
-0.360354 -0.832462 0.420894
0.510619 0.304272 -0.804169
0.035074 -0.956772 0.288717
0.105987 0.071033 0.991827
-0.684090 -0.545466 0.484239
0.962142 0.079378 0.260732
-0.523494 0.311883 -0.792895
-0.953275 0.219977 -0.207069
0.128809 -0.933641 -0.334248
-0.882597 -0.085411 0.462306
-0.986429 -0.158714 -0.042052
0.157249 0.473245 0.866783
0.063597 -0.203774 -0.976950
0.535177 -0.469376 0.702333
0.515530 0.281057 -0.809466
0.196515 0.888206 -0.415298
0.665398 -0.745471 -0.038970
-0.721216 -0.549544 0.421722
-0.821184 -0.478195 -0.311426
0.623309 -0.561164 -0.544593
-0.661805 -0.749656 -0.005550
-0.343999 0.907213 -0.242136
-0.279145 0.813331 -0.510462
0.054440 -0.415897 -0.907781
-0.349516 0.901722 0.254434
-0.186653 -0.855916 -0.482253
-0.641939 -0.564808 -0.518561
-0.843630 0.304999 -0.441888
0.766594 0.280051 -0.577844
0.851467 -0.499176 -0.160706
-0.042818 -0.140876 0.989101
0.618034 0.220556 -0.754578
-0.347962 -0.422250 -0.837034
-0.321363 0.669735 -0.669463
0.697593 -0.608193 -0.378768
-0.166626 0.961546 0.218324
0.477476 0.878538 -0.013706
-0.670996 -0.739467 -0.054341
-0.056362 0.159407 0.985603
-0.025617 0.322929 -0.946076
0.949079 -0.021452 0.314307
-0.053028 0.594495 -0.802349
0.211079 0.956844 0.199739
-0.752727 -0.052557 0.656232
0.085088 -0.228706 -0.969770
-0.882452 0.210148 -0.420852
-0.706348 0.613174 -0.353681
-0.723051 0.669084 0.171821
0.075643 -0.566306 -0.820716
0.413286 0.232163 0.880508
-0.477912 -0.110590 0.871419
-0.179782 -0.934688 -0.306654
-0.415618 -0.750333 0.514063
0.420288 0.843622 0.334155
-0.252869 -0.534794 -0.806258
-0.444221 0.201204 -0.873032
-0.281478 0.906396 0.314988
0.625513 -0.777899 -0.060047
0.389740 0.447843 0.804698
0.379441 0.373473 0.846488
0.739906 0.327551 -0.587579
0.478444 -0.799175 -0.363883
0.986547 -0.126054 0.104095
-0.037273 0.614122 0.788330
0.812443 0.517758 -0.268071
0.115056 0.140114 -0.983428
0.354330 0.018783 0.934932
-0.654522 -0.408067 0.636461
-0.913608 0.248428 0.321876
-0.206284 0.746932 -0.632091
-0.870515 0.375528 0.318092
-0.352857 0.617242 0.703210
-0.157710 -0.982465 0.099448
-0.601658 -0.548843 -0.580327
-0.272246 -0.805084 -0.526993
0.572345 0.787424 0.228877
0.950774 -0.035609 -0.307834
-0.862515 0.485038 -0.144240
0.322783 0.913574 0.247374
-0.268146 0.205529 -0.941199
-0.284766 0.220113 -0.932984
0.185156 -0.728820 0.659196
-0.323449 -0.362528 -0.874045
0.639316 -0.766951 -0.055333
0.015591 0.936722 -0.349727
0.105255 0.455845 0.883814
0.443872 -0.867966 0.222737
0.497150 0.579852 0.645457
-0.268868 0.324067 -0.907023
-0.758490 -0.519229 -0.393820
0.314561 -0.390451 0.865216
-0.521597 0.568116 -0.636538
-0.193115 -0.728715 0.657025
0.267308 -0.529143 -0.805328
0.381055 0.013630 0.924452
0.138310 0.202651 0.969434
-0.420720 -0.888359 -0.183885
-0.176383 -0.916222 -0.359760
0.064539 0.930260 -0.361181
0.860526 -0.506101 0.057944
0.101503 0.964965 0.241951
-0.996524 0.082329 0.012737
-0.363773 -0.036215 0.930783
-0.915069 0.252087 0.314804
-0.817126 -0.215353 -0.534723
-0.560784 0.432838 -0.705813
0.820510 0.126658 0.557423
0.133900 0.930656 -0.340515
0.851789 -0.178319 0.492603
-0.561724 -0.595315 -0.574514
-0.222799 0.959745 -0.171028
0.271981 -0.417934 0.866809
0.271397 -0.819783 -0.504282
0.663133 0.424406 -0.616550
0.323683 0.640442 -0.696465
-0.095022 -0.875838 0.473158
-0.600465 0.529672 -0.599074
0.694678 0.515030 0.502161
-0.472350 0.780270 0.409955
0.859577 -0.011405 0.510879
-0.539887 -0.836025 0.097900
0.123398 0.686328 -0.716747
-0.172932 0.981920 0.076996
-0.964566 -0.173220 0.199017
0.663036 0.345375 0.664153
-0.385067 0.007414 0.922859
0.663537 0.471333 0.581003
0.319920 -0.584653 -0.745542
0.199560 -0.915202 0.350117
-0.831097 -0.426514 0.356880
-0.193709 -0.787923 0.584512
0.140321 -0.985137 -0.099068
-0.040505 -0.721770 -0.690946
-0.612233 -0.790575 -0.012718
0.260428 -0.181071 0.948362
0.099713 -0.448032 0.888439
0.223529 -0.973311 0.051963
0.782324 -0.133779 -0.608336
-0.997148 -0.068694 -0.031263
0.524562 0.768203 0.367013
-0.653138 0.276182 0.705077
-0.710715 0.459184 -0.532949
0.111547 0.993716 -0.009273
-0.518556 0.854228 0.037340
0.325553 -0.098554 0.940373
-0.607232 -0.220489 0.763318
-0.589976 0.255472 0.765939
-0.586533 -0.050878 -0.808326
-0.684155 0.580569 0.441442
-0.154913 -0.351971 -0.923102
-0.481132 0.242112 -0.842552
-0.006771 -0.720826 0.693083
0.706597 0.406792 -0.579000
-0.335942 0.941866 0.005666
-0.106543 0.539919 -0.834947
-0.066941 -0.896787 -0.437369
0.379633 -0.183195 0.906818
-0.159836 0.544921 -0.823112
-0.930537 -0.299713 -0.210410
-0.556792 0.390624 -0.733073
-0.442929 -0.878214 -0.180425
0.720586 0.396953 0.568492
-0.543722 -0.634853 -0.548934
-0.266775 -0.714561 0.646710
0.271022 -0.450225 -0.850791
-0.764026 -0.644897 0.019293
0.129620 -0.396735 -0.908736
0.963877 -0.020113 -0.265586
0.807046 0.521772 -0.276460
-0.321474 -0.839867 0.437353
-0.340582 -0.794669 -0.502499
0.582684 -0.611757 0.535007
-0.817463 -0.124283 -0.562412
0.244279 0.968644 -0.045341
-0.778336 -0.626277 -0.044394
0.999480 -0.005707 0.031748
-0.787412 0.285211 0.546476
-0.900789 0.331075 -0.281013
0.236616 0.044951 0.970563
-0.766490 -0.464786 0.443246
-0.995056 -0.092898 -0.035121
-0.703833 0.405093 -0.583539
0.027079 0.383238 0.923253
-0.900393 0.423599 0.099273
0.268310 -0.566084 0.779460
0.168957 0.088217 -0.981668
-0.339324 0.935521 0.098284
-0.421572 0.704701 -0.570678
0.139565 0.097108 -0.985440
0.968115 -0.209393 -0.137510
-0.066303 -0.739523 0.669858
-0.591601 0.674543 -0.441587
0.775855 0.506470 -0.376214
-0.122725 -0.536490 0.834935
-0.467353 0.036659 -0.883310
0.249405 0.935584 -0.249961
0.921411 0.374901 0.102230
0.674268 -0.663332 -0.324581
-0.788493 0.595390 -0.154236
-0.652298 0.685990 -0.322373
0.590375 0.782631 0.197350
-0.958761 -0.283955 -0.012136
0.472074 -0.675637 0.566269
0.732183 -0.473116 -0.489969
-0.137269 -0.300460 0.943865
-0.381006 -0.482312 -0.788803
0.230105 -0.539965 -0.809623
0.076955 0.992535 -0.094611
-0.717240 -0.626474 -0.305117
0.645405 -0.224495 -0.730106
-0.497703 0.516197 0.697016
-0.779867 -0.611892 0.131893
0.821240 0.309076 -0.479621
-0.834795 -0.521082 -0.177737
0.336995 0.929223 -0.151585
0.231453 -0.891527 0.389370
-0.722889 0.018082 -0.690727
-0.998878 -0.038200 0.027983
-0.000981 -0.852071 0.523424
0.466992 -0.370914 0.802709
-0.926403 -0.356921 -0.119939
-0.650296 -0.289113 0.702516
0.045416 -0.929538 -0.365919
0.048573 -0.218077 0.974722
-0.845400 0.069573 0.529584
-0.451913 -0.243034 -0.858318
-0.557483 -0.218346 -0.800960
0.802949 -0.404835 -0.437472
-0.818360 0.188318 -0.542977
-0.714352 -0.680133 -0.164679
0.705593 0.227835 0.670991
0.692747 0.594570 0.408152
-0.261255 0.947729 0.183183
0.366388 0.042943 -0.929471
-0.538122 -0.533342 -0.652664
-0.351968 -0.651042 0.672505
0.662541 -0.746125 -0.065858
0.404600 -0.529760 -0.745421
0.093772 -0.920042 -0.380433
-0.291455 -0.344594 -0.892361
0.777908 -0.623628 -0.077126
0.157358 -0.872267 -0.463021
-0.449277 -0.254483 -0.856381
0.897864 -0.381118 -0.220431
-0.553796 0.820591 0.141211
0.863958 0.403242 -0.301617
0.130811 0.929371 -0.345193
-0.963963 0.137098 0.227990
-0.020614 -0.466012 0.884538
-0.586321 0.064627 0.807497
-0.964223 0.257277 0.063896
0.310573 0.419647 0.852901
0.158390 -0.399068 0.903138
0.193148 -0.913176 0.358892
-0.061995 -0.402679 -0.913239
0.539158 -0.832586 0.126922
-0.797512 0.602361 -0.033705
0.516807 -0.146298 0.843509
0.112180 0.818585 0.563325
-0.529064 -0.597415 0.602650
-0.678962 -0.524135 -0.514095
0.246382 0.224918 0.942713
0.116843 0.991571 -0.055981
0.081754 0.648624 -0.756705
-0.252425 0.967480 -0.016235
-0.581714 -0.236290 0.778316
0.453541 -0.714245 -0.533061
-0.524744 -0.326157 0.786298
-0.751269 0.014981 0.659827
0.655143 -0.259345 -0.709597
0.681652 -0.434586 0.588630
-0.446101 -0.812080 0.376191
-0.625937 0.484509 0.611109
-0.115321 0.198774 -0.973237
0.802644 0.587779 -0.101380
0.462167 0.543316 0.700863
0.067661 0.307682 -0.949080
0.524131 0.846664 0.091910
0.716827 0.451791 0.531079
0.346246 -0.430954 -0.833302
-0.920218 -0.012148 0.391218
0.001377 -0.632929 0.774208
-0.822390 0.251536 -0.510297
-0.719404 -0.390269 0.574584
0.519675 -0.419134 -0.744489
-0.538821 -0.617027 0.573541
-0.716054 0.458388 0.526447
0.889686 0.302585 0.341908
-0.340778 -0.513229 -0.787697
-0.496647 -0.687234 -0.530143
-0.691798 0.561681 -0.453795
-0.823102 -0.161105 0.544562
-0.014900 -0.721332 0.692429
0.902541 0.337109 -0.267911
-0.211385 0.961060 0.177988
-0.172167 -0.821999 -0.542840
0.939325 0.242793 0.242324
0.137669 0.043517 0.989522
0.583654 -0.724176 -0.367310
0.245609 0.931440 -0.268507
0.183501 0.761328 -0.621858
-0.474273 -0.871176 0.126957
-0.318377 -0.941262 -0.112522
0.186519 -0.331941 0.924676
-0.260180 -0.741745 0.618160
-0.279105 -0.929260 0.242027
-0.728168 0.026956 0.684869
0.935185 -0.343874 0.084731
0.344051 -0.852481 0.393579
-0.710102 -0.700766 -0.068423
-0.556628 -0.695717 0.454030
0.293898 0.632804 -0.716368
0.149397 -0.918133 0.367033
0.735298 -0.465780 0.492328
0.762780 0.235646 0.602194
-0.877317 0.402700 0.261052
0.165731 0.827409 0.536589
0.727134 0.686405 -0.011100
-0.161860 -0.055318 0.985262
-0.854684 -0.256958 -0.451097
0.761628 -0.531833 -0.370237
0.308666 0.949870 -0.049727
-0.141229 -0.474809 0.868683
0.914116 -0.298248 0.274664
-0.823663 -0.516903 0.233217
0.162568 0.862041 -0.480059
0.930289 -0.203812 0.304995
0.554062 0.012857 -0.832376
-0.162129 0.975170 0.150858
-0.818789 -0.337320 -0.464543
0.103212 0.755880 0.646524
0.323080 0.555992 0.765828
-0.366217 0.659281 -0.656684
0.109569 -0.653405 0.749037
-0.309985 0.625003 0.716436
0.550481 0.102172 -0.828572
0.498215 -0.173620 -0.849493
0.151855 0.596422 -0.788175
-0.736595 -0.574932 0.356204
-0.505469 -0.405444 0.761654
0.390718 -0.835905 -0.385489
0.309928 0.848667 0.428614
0.074449 -0.836320 -0.543163
0.468780 0.575817 0.669835
-0.660367 0.739106 0.132808
-0.005913 0.477556 0.878582
0.374243 -0.810749 0.450143
-0.887430 0.222137 0.403885
0.026052 0.725911 -0.687295
-0.652831 -0.240560 -0.718291
0.461638 -0.602372 0.651182
-0.938034 -0.196070 -0.285741
0.915464 -0.324153 -0.238433
-0.693143 -0.266568 -0.669697
-0.679281 0.555898 0.479119
-0.545589 0.068704 0.835232
0.980945 -0.190871 -0.036267
0.437537 0.442600 -0.782730
-0.201932 -0.350787 0.914424
-0.494896 0.609507 0.619338
0.749855 0.598313 -0.282380
0.509642 0.512442 -0.691135
-0.891299 -0.393216 0.225759
0.866360 0.118850 0.485072
0.145512 -0.507921 0.849025
0.675426 -0.697993 0.237920
-0.629234 -0.132211 0.765889
-0.067209 0.581698 -0.810624
0.386905 0.193508 0.901587
-0.922974 -0.100781 -0.371432
0.123350 -0.600034 -0.790408
0.911992 -0.222598 0.344558
-0.106743 -0.925453 -0.363514
-0.957643 0.287959 0.000524
0.069206 -0.213051 0.974587
0.979056 -0.093107 -0.181054
-0.312929 -0.909762 0.272778
-0.231470 -0.359461 -0.903996
0.470059 -0.256861 -0.844433
