0.352483 -0.413949 0.839287
0.319754 -0.318596 0.892331
0.416033 -0.733731 0.537173
0.244721 0.238498 -0.939803
-0.585070 0.783056 0.210989
-0.840536 0.491146 -0.228637
-0.452319 -0.881331 -0.136611
0.047310 -0.022735 0.998621
-0.869351 0.083412 0.487105
-0.621138 -0.325439 -0.712936
-0.960452 0.259988 0.099687
0.780951 -0.391340 -0.486793
-0.222416 0.955527 -0.193648
0.781143 0.290486 0.552661
0.820929 -0.504815 0.266903
0.577545 0.721147 -0.382608
0.699611 -0.683522 0.208188
-0.992111 -0.027624 -0.122281
-0.477412 -0.793745 -0.376890
0.823849 0.360998 0.436982
0.215383 0.810357 -0.544914
-0.126609 -0.987437 -0.094539
0.939820 -0.318159 -0.124555
-0.334526 -0.905962 -0.259469
0.270651 0.887539 -0.372857
-0.592549 -0.432215 0.679762
0.567462 -0.793252 0.220768
0.380465 0.913079 0.146740
0.021856 -0.003249 0.999756
-0.105607 0.839929 -0.532321
0.403323 0.913305 0.056599
-0.307330 0.949965 -0.055810
0.362667 -0.572072 -0.735667
-0.688455 -0.229357 0.688059
0.637274 0.345628 -0.688784
-0.535500 -0.830795 -0.151718
-0.731211 -0.527956 0.431964
-0.822783 -0.556244 0.116713
0.642750 -0.633133 0.431295
0.316140 -0.322583 0.892186
0.096386 0.451633 0.886982
-0.347662 -0.897451 -0.271502
0.978278 -0.090321 0.186585
0.522226 -0.468238 -0.712765
0.161143 0.698536 0.697195
0.598303 -0.633042 0.491214
-0.983311 0.176691 0.043348
0.191169 0.329330 0.924660
-0.528602 -0.813294 -0.243173
-0.938005 -0.030121 0.345312
-0.227209 -0.728593 0.646164
0.558430 -0.006295 -0.829527
-0.090852 -0.919932 -0.381407
0.316210 -0.934910 -0.161105
0.324771 -0.695503 -0.640937
0.543078 -0.636044 -0.548192
-0.578222 0.652102 0.490329
0.403045 -0.469360 -0.785657
0.644990 0.372395 0.667316
-0.428269 -0.775907 -0.463199
0.415220 0.792877 -0.446026
0.849084 0.224740 -0.478066
0.360794 0.669932 0.648860
-0.056312 0.748909 0.660276
0.282157 -0.381756 0.880142
0.172295 0.231293 -0.957506
0.259126 -0.359245 0.896547
0.835517 0.416161 0.358777
0.808959 -0.059553 -0.584840
-0.316589 0.618017 0.719601
-0.108196 0.581488 -0.806328
-0.171111 -0.933115 -0.316256
0.752759 0.383074 0.535358
-0.686531 0.376268 0.622172
0.985679 0.087194 -0.144343
-0.183077 0.035406 -0.982461
0.322982 0.664313 0.674071
0.612897 -0.139934 -0.777674
0.445212 -0.647149 0.618858
-0.503811 -0.780986 -0.369102
0.253386 -0.854130 -0.454156
0.375295 0.678823 0.631152
0.478762 0.155730 0.864022
0.016299 -0.953300 0.301585
0.238028 -0.917217 0.319460
0.643897 0.256776 -0.720738
0.844914 0.384262 0.372107
0.391489 -0.892038 0.225843
-0.394115 0.383562 -0.835197
-0.680632 -0.043396 -0.731339
-0.091074 -0.600441 0.794466
0.325053 -0.097418 -0.940665
-0.103290 -0.109465 0.988609
-0.602693 0.634532 -0.483870
0.352550 -0.563744 -0.746928
0.634678 0.579740 0.510964
0.576155 0.558867 -0.596416
-0.163465 -0.945780 0.280676
-0.533352 0.278190 -0.798841
-0.280086 0.957434 0.069793
-0.502480 -0.357182 0.787359
0.051033 0.996982 -0.058498
0.352227 -0.092094 -0.931373
0.258923 -0.876071 -0.406767
0.774966 0.559320 0.294259
-0.136726 0.313420 -0.939720
0.037796 0.933656 -0.356172
-0.765386 0.626399 -0.147679
0.238973 0.952183 0.190369
-0.861721 0.093341 0.498723
-0.468701 0.210413 -0.857931
-0.909407 -0.348382 -0.227177
0.382799 0.551495 -0.741160
0.994103 -0.097031 0.048417
0.797583 0.577956 -0.172708
-0.420632 0.856721 0.298492
-0.561471 -0.057431 0.825501
0.120526 0.642758 0.756529
-0.379973 -0.553586 0.741056
0.328223 -0.766801 -0.551621
-0.527083 -0.468712 -0.708867
-0.719484 -0.236474 0.653011
0.137704 0.922735 0.359996
-0.300905 -0.433266 -0.849551
-0.963615 0.139747 -0.227855
0.042193 0.860800 0.507191
-0.344282 0.473496 -0.810723
-0.983957 0.004965 -0.178334
-0.700978 0.651735 -0.289606
-0.095720 0.639674 -0.762663
-0.493892 0.419514 0.761629
0.704719 0.703370 -0.092962
0.078092 0.431978 -0.898497
-0.153586 -0.926558 -0.343369
0.735783 0.151108 0.660144
0.103956 -0.396539 0.912113
-0.246241 0.099393 0.964099
-0.259283 -0.948392 0.182554
0.261034 -0.962678 0.071504
0.714590 -0.656182 -0.242458
-0.955627 0.169992 -0.240582
0.071770 0.079692 -0.994233
0.209892 -0.669530 0.712513
-0.589493 0.804305 0.074780
-0.415681 0.908983 0.030984
-0.303834 0.445571 0.842112
-0.602465 0.777467 0.180502
-0.652974 0.084460 -0.752656
-0.340433 -0.378059 -0.860916
-0.522947 -0.768667 -0.368344
0.881545 0.252431 -0.398945
-0.694042 -0.229038 -0.682529
-0.398393 -0.829989 -0.390387
0.278247 -0.267603 -0.922479
-0.129454 0.921821 0.365361
0.077771 -0.897492 0.434121
-0.760997 -0.180615 0.623106
0.243815 0.376058 -0.893943
0.645802 0.567140 0.511167
-0.987056 0.039614 -0.155406
-0.309047 -0.215214 0.926376
-0.687820 0.123270 -0.715338
0.045937 -0.313533 -0.948465
-0.856701 -0.308589 0.413323
-0.827048 -0.522502 0.207325
-0.288261 0.255662 -0.922791
-0.881811 -0.045463 0.469406
-0.729920 -0.681976 -0.046101
0.238822 0.887820 -0.393370
-0.038006 0.619462 -0.784106
0.353482 -0.873580 -0.334526
-0.778874 0.311783 -0.544194
0.520849 0.812602 -0.261522
0.775682 -0.623543 0.097528
-0.963439 -0.068652 0.258982
0.151169 0.978587 -0.139700
-0.244801 0.674828 0.696189
0.888437 -0.119569 -0.443151
-0.069029 -0.826192 0.559144
-0.883168 -0.411875 -0.224442
0.556320 0.422737 -0.715403
0.859189 -0.365495 0.358061
-0.356678 0.102583 -0.928578
0.416409 0.341751 -0.842502
0.212399 -0.104856 0.971541
-0.192959 0.120529 -0.973776
-0.501523 -0.809305 -0.305776
-0.147330 -0.408193 0.900929
-0.841675 -0.199294 -0.501862
-0.780350 -0.502342 -0.372434
0.054758 -0.898665 -0.435204
0.288723 -0.316682 0.903522
-0.989480 -0.040603 0.138855
0.552597 -0.798935 0.237360
0.291128 -0.503538 -0.813446
0.060775 -0.900124 -0.431373
0.226023 0.297531 0.927572
0.603144 0.574423 -0.553404
-0.954893 0.110218 -0.275738
0.763779 -0.597543 -0.244098
-0.147958 0.923222 -0.354640
0.520810 -0.502827 0.689871
-0.869906 0.177830 0.460043
0.908239 0.277839 -0.312902
-0.915796 0.383790 0.118420
0.638175 -0.181256 -0.748250
0.916636 -0.287917 -0.277276
0.068454 -0.997113 0.032849
0.136404 -0.912615 -0.385393
0.715823 0.563488 0.412405
-0.423607 0.709962 -0.562593
0.149285 0.295874 0.943489
0.371173 0.221338 0.901798
-0.753275 0.571736 0.325108
-0.300689 0.664453 0.684170
-0.586354 -0.181621 -0.789432
-0.279065 -0.159574 0.946921
0.818105 -0.465294 0.337943
-0.648650 0.300916 -0.699073
-0.976903 -0.024365 -0.212291
-0.127932 -0.565702 0.814625
-0.751699 0.658736 0.031849
0.174600 0.490048 0.854030
-0.994897 -0.085838 -0.053020
0.680102 -0.543699 -0.491785
0.363798 -0.924215 -0.116092
-0.532735 -0.720406 -0.444083
-0.961011 0.211609 0.177989
-0.326380 -0.890578 -0.316775
-0.706555 0.335116 0.623279
0.483661 0.858655 -0.169655
0.690336 0.606240 -0.394853
-0.217865 0.455779 0.863018
-0.510981 0.256127 0.820547
0.276935 -0.518261 0.809143
0.600187 -0.344604 0.721819
-0.580193 -0.648108 0.493287
0.666650 -0.568935 -0.481550
0.817910 0.401865 0.411737
0.271460 -0.360062 0.892561
-0.415459 0.758429 0.502175
-0.445908 0.464042 0.765396
-0.646526 0.661724 -0.379638
-0.236131 -0.072710 0.968997
-0.269229 0.441885 0.855718
0.800923 -0.319298 -0.506528
-0.120365 -0.986997 -0.106536
-0.563930 -0.825821 0.001601
0.785990 0.236738 -0.571117
-0.960128 -0.185437 -0.209205
0.367160 -0.216015 -0.904727
-0.177505 0.749226 -0.638084
-0.328851 -0.137961 0.934250
-0.805557 0.456022 -0.378315
-0.390160 0.701716 -0.596129
-0.895484 0.174111 0.409626
-0.443631 -0.498915 -0.744497
0.112521 -0.923819 -0.365920
-0.499655 0.602738 0.622135
-0.054822 0.265467 0.962560
0.241506 -0.344634 0.907140
-0.229785 -0.506509 -0.831052
0.199507 0.398107 0.895381
-0.134253 0.949977 -0.281991
-0.846500 0.528409 -0.064974
-0.218657 0.531711 -0.818213
-0.704653 0.094122 -0.703282
-0.113812 -0.254408 -0.960377
-0.122981 -0.943469 0.307801
-0.763094 -0.644524 -0.047699
-0.658776 0.194700 0.726709
0.573625 0.614114 0.542050
-0.605486 0.769638 0.202594
-0.324685 -0.423430 -0.845746
-0.017322 0.991624 -0.127992
-0.946085 -0.158052 0.282743
-0.973277 0.126093 -0.191920
-0.842258 0.079325 0.533206
-0.920692 0.386325 -0.055500
0.638733 0.626288 -0.446971
0.510807 -0.302372 0.804765
-0.678217 0.170608 0.714783
0.442674 -0.888749 0.119017
0.047435 -0.740014 -0.670917
0.567714 -0.720394 -0.398414
-0.911047 -0.356209 0.207624
-0.597611 -0.002911 0.801781
0.248845 -0.103566 0.962990
-0.844791 -0.516756 0.138891
-0.925773 -0.155163 -0.344774
-0.154558 0.941276 0.300185
0.944213 -0.200663 -0.261142
0.479590 0.293500 0.826953
-0.557227 0.205809 -0.804451
0.638937 -0.344232 -0.687942
0.540814 -0.809352 0.229061
0.989273 0.144131 -0.023775
0.365907 -0.750794 -0.549928
-0.706485 -0.442326 0.552474
-0.899983 -0.355798 0.251871
0.348081 0.852839 0.389236
0.625389 0.724167 -0.290639
-0.935606 -0.350836 0.039442
0.363602 0.105934 -0.925512
0.700818 0.101145 -0.706133
0.473359 -0.880058 0.037804
-0.184230 0.982495 -0.027606
0.300926 -0.820400 -0.486197
-0.670730 0.730591 0.127898
0.449885 0.610672 0.651677
-0.734327 0.470151 0.489614
-0.925458 0.131220 -0.355399
-0.390128 -0.040529 0.919868
-0.715067 -0.651139 -0.254356
0.836846 0.522259 0.164117
0.788854 -0.176128 0.588802
0.756100 0.215093 -0.618100
0.790260 -0.088087 0.606407
0.561689 -0.678280 -0.473753
-0.062534 0.258049 0.964106
-0.364774 0.830395 -0.421171
0.165591 -0.405540 0.898953
-0.096064 -0.458165 0.883661
0.909689 0.219963 -0.352253
0.572799 0.817928 0.053801
0.051976 0.251706 -0.966407
-0.519325 -0.781878 0.344919
0.255289 -0.955934 -0.144976
-0.899186 -0.219334 -0.378625
0.634957 0.391153 -0.666205
-0.335066 -0.922259 -0.192792
0.150079 0.883273 -0.444190
-0.077731 0.474265 0.876944
0.219326 -0.965243 0.142132
0.221011 -0.163153 0.961528
0.449456 0.787717 -0.421297
0.805148 -0.592602 0.023654
-0.904026 -0.354180 0.239360
0.223533 0.361213 0.905295
0.079215 0.099505 0.991879
-0.214545 0.389687 0.895608
0.430591 0.722031 0.541537
-0.040856 0.427748 0.902974
-0.583963 0.673500 -0.453194
-0.027129 0.422433 0.905988
-0.732756 -0.670347 -0.117065
-0.833783 -0.495600 0.243281
-0.139454 0.057030 -0.988585
0.713190 -0.138974 0.687057
0.693732 -0.545798 0.469936
-0.488658 0.415975 0.766928
-0.782459 -0.252606 0.569165
-0.710510 0.502716 0.492394
0.193543 -0.868227 0.456861
0.268929 0.535479 0.800587
0.387545 -0.879270 -0.276936
-0.977942 0.208858 0.002927
0.909622 0.371138 0.186669
-0.625956 -0.756222 -0.190543
0.563276 -0.011100 -0.826194
0.014452 -0.161135 -0.986827
0.273518 0.728285 0.628322
-0.531076 0.639761 -0.555576
0.805533 0.438812 -0.398197
-0.659179 -0.685368 0.309441
0.746027 -0.026706 -0.665380
0.045955 -0.988687 -0.142782
0.977148 0.165859 0.132937
-0.016798 -0.979549 -0.200501
0.305039 0.950866 -0.052968
-0.912448 0.171786 0.371386
0.132911 -0.254816 -0.957812
-0.468974 -0.871429 -0.143785
-0.350045 -0.273732 0.895846
-0.657012 0.067508 -0.750851
-0.883964 0.375487 0.278599
-0.562414 0.293644 -0.772958
-0.894051 0.360136 0.266410
0.895731 0.371110 0.244833
0.289344 -0.643916 -0.708274
-0.326221 0.356669 -0.875424
0.433470 -0.366659 -0.823204
-0.151969 -0.732727 -0.663338
-0.458272 0.840975 0.287660
-0.864171 -0.403699 0.300393
-0.471584 0.173409 -0.864603
-0.047429 0.484356 0.873584
0.760934 -0.000335 -0.648829
-0.454419 -0.848135 -0.272344
0.263959 0.860202 -0.436324
0.081171 -0.991743 0.099281
-0.389335 -0.135359 0.911096
-0.195589 -0.927150 -0.319590
0.243747 -0.136705 -0.960156
0.594183 -0.799023 0.092244
0.092792 -0.495975 -0.863364
-0.102923 -0.462913 -0.880408
0.113898 -0.521255 -0.845766
-0.158927 0.977978 0.135283
-0.409563 -0.772142 0.485855
-0.531952 -0.585146 -0.612072
0.080970 -0.985043 -0.152100
0.044389 0.737762 0.673600
0.312993 0.207232 0.926871
-0.254482 0.646625 -0.719108
0.537894 -0.326699 -0.777135
-0.528277 0.178023 0.830200
0.222607 -0.969018 -0.107004
-0.626218 -0.756201 0.189767
-0.469413 -0.644765 0.603266
-0.048111 -0.327481 0.943632
0.941988 -0.297421 -0.155559
0.217432 0.960082 0.175970
0.214767 -0.650675 0.728352
-0.738615 0.637662 0.218712
0.007570 0.435987 -0.899921
0.630926 -0.769337 0.100267
-0.399170 0.804550 0.439730
-0.497496 0.560972 0.661671
0.970997 0.113344 0.210516
-0.021593 0.910278 0.413434
-0.887278 0.353386 0.296407
-0.642625 0.200610 0.739451
-0.354800 0.924214 0.141226
0.331845 -0.895052 0.297927
0.026629 -0.603354 0.797028
0.203778 -0.845648 -0.493309
-0.702390 0.654469 -0.279855
-0.798951 0.601265 0.012581
0.359900 -0.932989 -0.001658
0.899121 -0.095177 -0.427228
-0.564946 -0.202994 0.799768
0.663536 0.622442 0.415073
0.568314 0.481653 -0.667106
0.222336 -0.324570 -0.919359
-0.411841 -0.291800 0.863273
-0.817405 -0.124655 -0.562415
-0.231258 0.522262 -0.820830
-0.570618 -0.814025 0.108438
0.184661 0.221277 0.957568
0.640571 0.192684 0.743332
-0.726291 -0.468521 -0.502980
0.942369 0.285840 0.173889
0.670095 -0.380615 -0.637263
0.281736 0.955662 -0.085647
-0.029159 0.453425 0.890818
-0.068465 0.103289 -0.992292
-0.756911 0.623976 -0.194267
-0.858520 0.157553 0.487976
-0.915155 0.223947 0.335171
0.252538 0.818584 0.515891
0.234855 0.971321 -0.037123
-0.626075 0.779012 0.034219
-0.298277 -0.544771 0.783745
0.474095 -0.355558 0.805489
0.917316 -0.333354 -0.217730
0.781936 0.397126 -0.480487
-0.374528 -0.750156 0.544973
-0.716520 -0.551945 0.426563
0.714076 0.361019 -0.599801
0.497276 -0.850665 0.170545
0.536432 0.297766 -0.789669
-0.215604 -0.613041 -0.760063
-0.481470 0.836532 0.261537
0.423322 -0.905368 -0.033268
0.014616 0.978064 -0.207792
-0.953438 -0.010889 -0.301394
0.339643 0.363650 0.867411
0.405496 0.747850 0.525636
0.998802 -0.042015 0.025079
-0.811587 0.189762 0.552555
0.322596 0.925246 0.199630
0.649982 0.754240 0.092980
0.885951 0.159766 0.435391
-0.498773 0.008994 0.866686
0.532663 -0.756277 -0.379888
0.352928 -0.075124 0.932630
-0.245129 -0.885039 -0.395750
-0.210879 0.697574 0.684778
-0.309856 -0.266239 0.912747
-0.407280 -0.877649 -0.252695
0.101873 0.757528 -0.644804
-0.330958 0.433183 -0.838344
-0.472643 -0.744276 -0.471870
0.904957 -0.358328 0.229465
-0.654064 0.733253 -0.185852
-0.449275 -0.068036 -0.890799
-0.055079 0.976187 -0.209824
-0.071332 -0.015900 0.997326
-0.277199 0.293385 -0.914924
-0.932206 -0.233051 -0.276911
0.573584 0.804464 0.154402
0.851476 0.505547 -0.139323
0.687531 0.659016 0.304957
0.002916 0.572698 0.819761
-0.613974 0.293181 0.732859
0.613160 -0.715853 0.334049
0.148678 -0.261112 -0.953790
-0.908897 0.175009 0.378521
0.959348 -0.022518 -0.281326
0.163280 -0.135059 -0.977291
-0.419649 -0.469174 0.777027
0.801967 -0.254336 0.540521
-0.712356 0.129178 -0.689827
0.958672 0.254395 -0.127399
-0.697071 -0.019490 -0.716737
-0.666782 -0.063537 -0.742539
-0.786038 -0.523381 -0.328963
0.408235 0.746798 -0.525012
-0.498471 -0.836519 -0.227513
0.439806 -0.459081 0.771891
0.821878 0.203157 0.532207
-0.677473 0.735525 0.005664
0.956236 -0.185461 0.226311
0.781907 -0.559757 0.274398
-0.388525 0.919564 -0.058744
-0.054914 0.325699 0.943877
-0.800150 -0.568848 -0.190187
0.202583 -0.373792 -0.905119
0.388055 0.913925 -0.118968
0.578338 0.695016 0.427175
-0.517559 0.392696 0.760212
-0.738215 0.142136 0.659421
-0.048705 -0.595487 0.801887
-0.671350 -0.720017 0.175684
-0.684801 -0.386977 0.617491
-0.140823 -0.591847 0.793653
0.475022 0.863725 0.168325
0.011276 -0.576049 0.817337
-0.248717 -0.862681 -0.440366
-0.519469 0.845987 -0.120238
0.472983 -0.805342 -0.357368
-0.431130 0.599793 -0.674073
-0.800689 -0.499853 -0.330217
-0.833310 0.433830 0.342616
0.487656 0.525754 -0.696976
-0.592496 -0.677346 0.436062
0.293423 0.866701 0.403402
0.205763 -0.088862 -0.974559
-0.264827 -0.152759 -0.952119
0.849418 -0.324844 -0.415891
-0.715116 0.695347 -0.071424
-0.787884 0.558963 0.258455
0.769517 -0.471521 -0.430710
0.226049 0.448062 0.864952
0.344810 -0.929086 -0.133814
-0.724043 0.688781 -0.036631
-0.454355 -0.847568 0.274208
0.343740 0.557495 0.755674
0.214256 0.652350 0.727004
-0.174735 0.323030 0.930118
0.802435 0.233108 -0.549326
0.693090 0.684265 -0.226733
-0.177960 0.210693 0.961217
-0.035249 -0.857930 -0.512555
0.641880 0.766744 -0.009695
-0.555116 0.785146 0.274575
-0.723339 0.672554 -0.156369
0.498762 -0.503907 -0.705205
-0.812705 -0.286092 0.507604
-0.822253 -0.434105 0.368039
0.740461 -0.024657 0.671647
0.730099 0.200406 0.653294
-0.725395 0.523619 -0.446794
0.371460 -0.796820 -0.476545
0.228510 -0.773146 0.591631
0.228032 0.826321 -0.514971
0.507311 0.589205 -0.628866
-0.134767 0.682313 0.718531
-0.186653 -0.443770 -0.876486
0.176598 0.204633 0.962776
0.545520 -0.513391 -0.662448
-0.340551 0.258578 -0.903970
0.593927 -0.582478 -0.554951
-0.423845 -0.904414 -0.048902
0.121100 -0.658073 0.743152
-0.178913 -0.630898 0.754956
-0.800245 0.163311 -0.577008
-0.729046 -0.205806 -0.652790
0.352747 -0.269615 -0.896034
0.951997 -0.283764 -0.114798
-0.901233 0.425777 0.080575
-0.568552 0.558010 0.604462
0.444303 -0.230402 -0.865742
-0.002151 0.907669 0.419680
-0.778712 -0.208274 -0.591802
0.974505 -0.056506 -0.217133
-0.310764 0.795278 0.520536
0.928284 0.242688 0.281766
-0.937841 0.280730 0.204073
0.424261 -0.113085 -0.898451
-0.929670 -0.218207 0.296814
-0.684180 0.394708 -0.613272
0.091534 0.329700 0.939638
0.365098 0.469750 -0.803765
-0.089900 -0.584005 0.806757
-0.141975 -0.583693 -0.799466
-0.068402 -0.709571 -0.701306
-0.071174 0.939114 0.336153
0.899439 0.121352 -0.419860
-0.050991 -0.433138 0.899884
0.618907 -0.074235 0.781948
0.759650 -0.649437 -0.034112
-0.223737 -0.653151 0.723419
-0.200106 0.705310 -0.680070
0.345643 0.899871 -0.266013
-0.755492 -0.271886 -0.596078
0.725882 -0.476023 0.496486
-0.229259 -0.619328 0.750915
0.454814 0.732744 -0.506191
0.058442 -0.786657 -0.614617
0.021375 -0.857503 0.514034
-0.753179 -0.064714 0.654625
0.369723 -0.508846 -0.777419
-0.544938 -0.792745 0.273127
-0.790086 -0.552855 0.264793
0.839143 0.173764 -0.515408
-0.428815 -0.900536 0.071777
0.115567 0.871633 0.476340
-0.478727 -0.558076 0.677769
-0.906305 0.179646 0.382543
0.025127 0.318892 -0.947458
0.177441 -0.551418 0.815140
-0.478959 -0.632242 0.608989
0.532630 -0.817133 0.220451
0.370937 0.408307 0.834081
0.857978 -0.272180 0.435652
0.356823 0.362654 0.860906
-0.959036 0.214897 -0.184580
-0.100885 0.559129 0.822920
0.734322 -0.644424 0.213282
0.750703 0.389993 -0.533246
0.590739 -0.419394 0.689301
0.679657 -0.239143 -0.693453
0.435709 -0.642818 0.630034
0.251103 0.549039 0.797185
0.421795 -0.289461 0.859245
-0.617357 -0.261271 -0.742029
0.332088 0.016852 -0.943098
0.214363 -0.726729 -0.652620
0.241304 0.196737 0.950298
-0.918781 0.247040 0.307916
-0.299921 -0.522811 -0.797945
0.715068 0.580404 0.389626
0.591935 0.113658 0.797931
-0.299171 0.771333 0.561731
0.304435 0.124740 -0.944330
-0.728798 0.141343 -0.669982
-0.388515 -0.007193 -0.921414
-0.626157 0.705766 0.331394
-0.625759 0.545731 0.557318
0.494562 -0.299642 -0.815857
-0.427543 0.736455 0.524252
-0.149563 -0.922623 0.355524
0.942841 -0.194180 0.270824
-0.602169 0.435579 0.669076
-0.089991 0.451701 0.887619
0.208767 0.267538 0.940659
0.183569 0.509972 0.840375
-0.942733 0.333200 -0.015258
0.772188 -0.113420 -0.625190
-0.031641 -0.315213 -0.948493
0.565257 -0.276645 0.777144
-0.200043 -0.346651 -0.916415
0.778287 -0.026496 -0.627349
-0.071586 0.997044 -0.027904
-0.128815 -0.198101 -0.971680
0.361993 0.348797 0.864466
-0.807537 0.278096 0.520141
-0.801109 -0.368925 -0.471295
-0.160902 -0.911638 -0.378190
0.959932 -0.271499 0.069420
-0.765868 -0.537442 0.352991
-0.333126 0.926201 0.176575
0.832855 -0.402528 0.379900
-0.897966 0.140562 -0.417013
-0.198815 0.964242 -0.175241
-0.636194 0.743706 -0.205324
-0.595872 0.306408 -0.742328
0.635862 0.440717 -0.633599
0.334032 -0.214877 0.917742
0.086118 0.791175 -0.605496
-0.305908 0.859637 -0.409199
0.694790 -0.698903 0.169713
-0.883321 0.400266 -0.243990
0.622101 0.185287 0.760696
-0.457455 0.546690 -0.701331
-0.698535 0.381994 0.605086
-0.709297 0.697644 -0.100954
0.609497 0.183139 0.771345
-0.363649 -0.921390 0.137110
0.141488 -0.768486 -0.624028
0.742474 0.292863 0.602464
0.667267 0.744389 0.025278
0.806786 -0.073412 0.586265
0.459272 -0.805248 -0.375027
-0.657554 -0.515219 -0.549701
-0.187291 0.951811 -0.242855
-0.027349 -0.854175 -0.519266
-0.763551 0.596499 -0.247344
-0.807526 0.521168 0.276198
0.841615 0.540065 -0.003698
0.550282 0.468608 0.691083
0.745638 -0.635999 0.198818
-0.438413 -0.746189 0.500995
-0.337250 -0.612529 0.714892
-0.784978 0.583914 -0.207014
0.609062 0.087872 0.788240
0.725641 -0.350409 -0.592165
0.533729 0.600579 0.595347
0.815617 0.075510 0.573644
-0.015776 0.900281 -0.435023
0.190197 0.738140 0.647282
0.294166 -0.940062 -0.172483
-0.742651 0.530737 -0.408397
-0.221843 -0.963644 0.148913
-0.208765 -0.473493 -0.855699
-0.756625 -0.549093 -0.354986
0.646526 0.751029 -0.134017
-0.316921 0.753623 0.575858
-0.321767 0.613778 -0.720932
0.431613 0.869995 -0.238368
-0.745944 0.585273 -0.317840
0.831755 -0.474945 -0.287422
-0.822605 -0.566788 0.045519
0.247846 -0.565084 -0.786926
0.238938 -0.928102 0.285545
0.228176 -0.782465 0.579383
-0.166727 0.538160 -0.826188
-0.094977 0.500962 0.860242
-0.589193 0.013777 -0.807875
0.217985 0.035747 -0.975297
-0.772295 -0.070135 0.631380
0.405115 -0.425563 0.809184
-0.033323 -0.415297 0.909076
0.877966 0.115459 -0.464591
-0.783942 -0.335280 -0.522515
0.382755 -0.711849 0.588872
0.935271 -0.181484 0.303862
0.697729 0.639383 -0.323055
0.235323 -0.674620 -0.699651
0.372118 0.523884 0.766207
0.644657 0.220746 -0.731907
-0.394857 0.895767 -0.204180
-0.611599 0.702995 -0.362965
-0.782895 -0.095144 0.614836
-0.638296 0.668325 0.381995
0.916649 0.116288 -0.382403
0.116459 0.175950 0.977486
-0.767732 -0.552228 -0.325010
-0.196653 -0.796776 0.571380
0.865318 0.424674 0.266229
-0.189142 0.029062 -0.981520
0.360139 0.688742 -0.629233
0.471728 -0.659434 0.585337
0.456289 -0.831782 0.316133
0.514524 -0.844168 -0.150486
0.984295 0.001454 0.176523
-0.239184 0.151975 0.959007
0.610177 0.073672 0.788833
0.990936 -0.132633 0.021330
0.528654 -0.595192 0.605203
-0.754614 0.050342 0.654235
0.608785 0.734775 -0.299145
-0.295569 0.924413 -0.241039
-0.244057 0.359348 -0.900725
-0.383616 0.109182 -0.917016
0.717155 -0.468262 -0.516158
0.881957 -0.471328 -0.001073
-0.788477 -0.153087 -0.595709
0.467435 -0.821797 -0.325813
0.556350 0.586663 -0.588473
-0.392041 -0.393401 0.831589
0.181784 0.769110 -0.612719
0.335582 0.887025 -0.317129
-0.277440 0.612427 0.740243
-0.583515 -0.481195 -0.654188
-0.413076 0.815784 -0.404801
0.113750 -0.519987 0.846567
-0.413659 -0.910249 0.018254
0.135232 -0.896560 0.421772
0.257156 0.964774 0.055507
-0.817873 0.500847 0.283260
-0.056048 -0.211276 0.975818
-0.079658 -0.055702 -0.995265
-0.676630 0.559258 0.478960
-0.558467 0.310978 0.769030
-0.624487 -0.172449 -0.761760
-0.017613 -0.689448 -0.724121
-0.078964 -0.586620 0.806004
-0.139286 0.975936 0.167773
0.169710 0.051141 -0.984166
-0.679996 0.689772 0.248636
0.615493 0.346752 -0.707765
-0.491428 -0.558686 0.668108
0.680265 -0.543351 0.491944
-0.512308 0.592022 -0.622134
0.518215 -0.781279 0.347931
0.867367 -0.460472 0.188784
-0.333514 0.164585 -0.928267
0.272778 -0.193711 -0.942374
-0.176767 0.901591 -0.394826
0.581634 0.674718 0.454377
0.463600 0.699448 0.543918
-0.809925 -0.567534 -0.148074
-0.460493 -0.876917 -0.137703
-0.942942 -0.208570 0.259535
0.807522 -0.542054 -0.232565
-0.267793 0.907032 0.324930
0.035356 0.974564 0.221305
-0.037061 -0.521296 0.852571
0.568611 0.795954 0.207699
-0.720013 -0.569590 0.396420
0.417274 -0.094117 0.903894
0.410639 0.403310 -0.817751
0.377476 0.775826 -0.505575
-0.858110 -0.419359 0.296284
-0.787322 0.591242 -0.174807
-0.172047 0.503067 -0.846950
-0.253961 0.108301 0.961132
0.328532 0.176807 -0.927796
0.326054 0.912079 -0.248595
-0.012059 -0.204282 -0.978838
-0.445616 0.761974 -0.469917
-0.194917 0.816847 -0.542926
-0.894247 0.436871 -0.097295
-0.236945 0.269067 -0.933520
-0.231230 -0.464114 -0.855062
-0.565839 0.657363 -0.497695
0.186456 -0.759485 0.623231
0.065860 -0.106825 -0.992094
0.968321 -0.234236 0.086535
-0.056702 0.998225 -0.018198
-0.134961 -0.944697 -0.298888
-0.564454 0.371797 0.736993
0.453967 0.466573 -0.759094
0.803883 -0.305447 0.510367
0.771116 -0.419781 0.478710
0.000764 0.975134 0.221616
-0.967635 -0.095143 0.233730
0.881592 0.121206 0.456186
0.535975 -0.338034 0.773604
0.370382 0.379203 0.847952
0.119612 -0.956226 -0.267067
0.534162 0.785746 0.311887
0.627767 -0.215008 -0.748117
-0.859662 -0.462422 -0.217135
-0.453447 -0.006172 0.891262
-0.825518 0.418252 0.378928
-0.701158 0.682912 -0.204961
-0.481028 -0.689694 0.541233
-0.921792 -0.283287 -0.264665
0.518039 -0.845466 0.129703
0.964899 0.001312 0.262620
-0.187690 -0.638092 0.746734
-0.596841 -0.632572 -0.493593
-0.187474 -0.959053 -0.212299
-0.299588 0.372535 0.878331
0.166612 0.853893 -0.493059
-0.365120 -0.401169 -0.840089
-0.251093 -0.390906 -0.885520
0.085827 -0.288984 0.953479
0.804542 0.593789 0.011259
-0.540397 -0.741896 -0.396940
0.323207 0.248980 0.912987
0.605504 0.670474 -0.428753
0.046439 0.638370 0.768327
-0.945762 -0.324527 -0.014747
-0.953395 0.211499 0.215188
0.107428 0.993790 0.028993
0.641849 -0.675076 0.363733
-0.384569 0.560160 -0.733708
-0.455648 0.821834 -0.342015
0.769057 0.188171 0.610854
0.353971 -0.928667 0.110823
-0.879567 -0.406606 0.247051
0.025344 -0.143546 0.989319
0.647917 0.761246 0.026595
-0.900549 -0.230050 -0.368901
-0.782414 -0.612076 0.114853
0.874403 0.482452 0.051566
-0.254191 -0.854094 0.453774
-0.536534 0.294671 0.790760
-0.809043 0.211691 0.548303
-0.749970 -0.611765 0.251573
-0.337430 -0.082553 0.937724
-0.016093 -0.997707 0.065736
-0.316810 0.862624 0.394349
-0.428196 -0.795685 -0.428409
-0.395295 0.280607 0.874644
-0.844599 -0.110661 -0.523838
-0.389439 0.919082 0.060208
0.750998 0.416784 0.512146
-0.057614 -0.885951 0.460187
-0.174248 0.046697 0.983594
0.587818 0.109183 0.801591
0.137146 0.798744 -0.585831
-0.337080 0.930207 0.145232
-0.408285 0.353670 0.841559
0.785498 -0.603994 0.134851
0.278245 -0.081132 -0.957078
0.882239 -0.065637 0.466204
-0.802414 0.140704 -0.579943
-0.611217 0.441172 -0.657101
0.233957 -0.049799 0.970971
-0.206337 0.891509 0.403282
-0.465806 0.122433 0.876376
0.894234 -0.173234 0.412716
-0.952204 -0.159850 -0.260298
0.848972 -0.384490 0.362512
0.730408 0.174813 0.660262
-0.084656 0.813881 -0.574831
-0.922833 -0.058827 -0.380682
-0.488744 0.364975 0.792416
-0.785750 -0.618339 -0.015947
0.445190 0.298249 -0.844307
0.896669 0.280887 0.342179
0.416424 0.676966 -0.606884
0.081296 0.051291 0.995369
-0.629056 -0.671173 0.392194
0.512762 0.497461 0.699720
0.552313 -0.124575 0.824276
0.903849 -0.212361 -0.371429
0.439960 0.345712 -0.828806
0.517339 -0.675237 -0.525752
0.035187 0.997992 -0.052675
0.128408 0.099248 0.986743
-0.694745 0.710029 0.114836
-0.650890 -0.757362 -0.052386
-0.113196 -0.545947 0.830137
-0.156637 0.413431 0.896962
0.241138 -0.825778 0.509846
-0.919112 0.323522 -0.224872
-0.876140 0.478766 0.056238
-0.094058 -0.897057 0.431789
-0.731577 -0.644084 0.223498
-0.285417 -0.755691 0.589464
0.303035 0.930616 0.205240
-0.572890 0.325085 0.752407
-0.134265 0.976901 -0.166243
-0.602164 0.513036 -0.611713
0.916738 -0.399427 -0.007020
0.996367 -0.041112 -0.074581
0.911178 -0.297799 -0.284730
0.489204 -0.780510 0.389209
-0.461880 0.817115 -0.344949
-0.795388 0.122042 0.593686
0.361317 -0.924758 0.119465
-0.022886 -0.989727 0.141127
-0.798510 -0.388592 -0.459759
-0.464313 -0.085251 -0.881559
0.466258 -0.735537 0.491517
-0.480228 0.409954 -0.775448
-0.528098 -0.528603 0.664599
-0.315358 0.607602 -0.728951
-0.031746 -0.910931 -0.411335
-0.359345 -0.089535 0.928900
-0.030823 0.989782 0.139220
0.524829 0.844672 -0.105283
-0.783569 0.339421 -0.520396
0.866801 0.488766 -0.098812
0.677573 -0.199567 0.707861
0.918748 -0.247590 -0.307574
0.288360 0.726716 0.623484
0.436117 -0.757722 -0.485448
-0.217533 -0.971627 -0.092845
-0.921597 -0.373893 0.104230
0.373636 0.070294 -0.924908
0.714235 -0.255964 -0.651422
0.763824 -0.500855 -0.407084
-0.147592 0.772798 0.617252
0.246279 0.583679 0.773735
0.286218 0.505887 -0.813730
0.791710 -0.476223 0.382632
-0.721995 0.683160 -0.109614
-0.209626 -0.922066 -0.325347
0.071061 0.979660 0.187659
-0.051071 -0.523555 0.850460
-0.795984 -0.179314 -0.578148
0.147406 -0.988394 0.036723
-0.198939 0.358104 0.912242
0.747924 0.652883 -0.119807
-0.509772 -0.849684 -0.134798
-0.645696 0.223338 -0.730204
-0.444558 -0.576728 -0.685385
-0.005737 -0.549395 0.835543
0.262844 -0.961588 0.079133
0.038238 -0.894295 0.445842
-0.950880 -0.002058 0.309553
0.320424 0.609125 -0.725462
-0.665820 0.402882 0.627989
0.511322 0.650603 -0.561485
-0.761811 -0.372260 -0.530157
-0.405864 0.691021 0.598134
0.219487 0.754603 0.618385
-0.498681 -0.301896 0.812513
-0.295930 0.077268 0.952079
-0.530115 0.130774 0.837780
-0.199721 0.544063 0.814928
-0.089130 -0.670872 -0.736198
0.105236 0.929902 -0.352431
-0.125286 -0.107109 -0.986322
-0.076713 0.252622 0.964519
0.106973 0.360657 -0.926544
0.860538 -0.117806 0.495576
-0.855337 0.517940 0.011685
-0.342873 -0.311810 0.886122
-0.998807 -0.012057 0.047315
0.664851 -0.420419 0.617431
-0.416950 -0.908921 -0.003806
0.346500 -0.921723 0.174256
0.578132 -0.809453 -0.102714
-0.779484 0.405363 -0.477583
-0.565256 -0.795431 -0.218575
-0.971610 -0.138886 0.191534
-0.083981 -0.495945 0.864283
0.635581 0.751928 -0.175049
-0.595910 0.779313 0.193808
-0.062298 0.432293 -0.899579
0.490847 -0.429374 0.758095
-0.806810 0.464570 0.365010
-0.204137 0.251716 -0.946027
0.832887 0.315934 0.454406
0.175726 0.813178 0.554853
